1 0.03538172813596111 0.15492716366752357 0.016371311469294447 0.15492716366752357 0.052741688157333017 0.15407026563838902 0.03538172813596111 0.15492716366752357
1 0.08841531822144869 0.15149957155098542 0.06836323488811535 0.15149957155098542 0.049352818221448685 0.15149957155098542
1 0.10193870290521284 0.15081405312767782 0.08127782959325144 0.14995715509854327 0.08875820699056396 0.1741216795201371 0.10530827522138043 0.16486718080548415 0.10626198524275236 0.1640102827763496 0.10702495325984986 0.163324764353042 0.10797866328122178 0.16246786632390744 0.11339703623854618 0.15081405312767782 0.10193870290521284 0.15081405312767782
1 0.051010587763953584 0.19657240788346186 0.05005687774258171 0.19742930591259641 0.04910316772120981 0.19828620394173094 0.04877998293058615 0.20325621251071121 0.04880171818270626 0.20651242502142245 0.04038733474251345 0.21079691516709512 0.030601193306595022 0.21491002570694087 0.02964748328522312 0.2157669237360754 0.02869377326385122 0.21662382176520995 0.02774006324247932 0.21748071979434447 0.0269770952253818 0.2181662382176521 0.0260233852040099 0.21902313624678663 0.025509458409111858 0.22416452442159382 0.024229110327898665 0.22742073693230505 0.019977940285154865 0.22913453299057412 0.008284378806492635 0.23496143958868895 0.007330668785120734 0.23581833761782348 0.006567700768023214 0.2365038560411311 0.005613990746651313 0.23736075407026563 0.012602176601185929 0.2699228791773779 0.052232027349202306 0.23993144815766923 0.05318573737057421 0.2390745501285347 0.10263240261869294 0.189031705227078 0.12643066701193587 0.17326478149100258 0.12738437703330777 0.17240788346186803 0.12833808705467964 0.1715509854327335 0.14310281822144869 0.15149957155098542 0.12773823488811537 0.15149957155098542 0.10638406822144869 0.15149957155098542 0.09229089515726475 0.16743787489288775 0.07376718549052982 0.18080548414738645 0.051964297785325485 0.19571550985432734 0.051010587763953584 0.19657240788346186
1 0.18319418744805904 0.12904884318766066 0.15663168744805903 0.12904884318766066 0.12325183670004265 0.15904027420736933 0.12229812667867075 0.15989717223650385 0.11566908030252541 0.17497857754927162 0.0879645659092825 0.19074550128534704 0.0870108558879106 0.1916023993144816 0.0860571458665387 0.1924592973436161 0.0851034358451668 0.19331619537275063 0.08434046782806928 0.19400171379605827 0.08243304778532548 0.19571550985432734 0.07027248328522312 0.2157669237360754 0.19951248080276426 0.12819194515852614 0.18319418744805904 0.12904884318766066
1 0.21261233296932855 0.14824335904027422 0.19099774963599522 0.14824335904027422 0.17328941630266187 0.14824335904027422 0.12960949732382904 0.18748928877463583 0.11878168922124394 0.1916023993144816 0.11747960588791061 0.1916023993144816 0.1165258958665387 0.1924592973436161 0.1155721858451668 0.19331619537275063 0.11480921782806928 0.19400171379605827 0.11385550780669738 0.1948586118251928 0.10462229476388535 0.2099400171379606 0.10497066807584679 0.21079691516709512 0.022570122229314944 0.2848329048843188 0.02126803889598161 0.2848329048843188 0.009295778767750206 0.289974293059126 0.007993695434416874 0.289974293059126 0.007039985413045002 0.2908311910882605 0.006277017395947482 0.2915167095115681 0.00532330737457561 0.29237360754070263 0.00436959735320368 0.2932305055698372 0.00341588733183175 0.29408740359897173 0.003180659186502884 0.29991431019708653
1 0.22051278961462334 0.14910025706940874 0.20150237294795667 0.14910025706940874 0.23526858296932854 0.14824335904027422 0.22051278961462334 0.14910025706940874
1 0.2732894163026619 0.14824335904027422 0.25193524963599523 0.14824335904027422 0.23518062632403378 0.14738646101113967 0.21474604334533742 0.15989717223650385 0.21379233332396552 0.1607540702656384 0.21283862330259365 0.16161096829477292 0.19401346409735518 0.18320479862896316 0.18403658065716236 0.18748928877463583 0.18273449732382904 0.18748928877463583 0.18197152930673152 0.18817480719794344 0.18101781928535962 0.189031705227078 0.18006410926398772 0.1898886032562125 0.1457557370159372 0.22656383890317053 0.09461169134906579 0.26666666666666666 0.09384872333196832 0.26735218508997427 0.09289501331059634 0.26820908311910885 0.08357384362248954 0.2824335904027421 0.04921509433176349 0.30745501285347043 0.04826138431039162 0.30831191088260496
1 0.28249195628129004 0.14910025706940874 0.26573733296932855 0.14824335904027422 0.2461685033667093 0.15904027420736933 0.2452147933453374 0.15989717223650385 0.2442610833239655 0.1607540702656384 0.24330737330259364 0.16161096829477292 0.23426490226405597 0.17652099400171378 0.21278865261869295 0.189031705227078 0.21183494259732105 0.1898886032562125 0.21088123257594918 0.19074550128534704 0.1635772155159031 0.23324764353041988 0.1626235054945312 0.2341045415595544 0.15815884255857865 0.24490145672664954 0.06717490651969969 0.326649528706084 0.05409130506240937 0.33161953727506427 0.05313759504103744 0.3324764353041988 0.05218388501966557 0.3333333333333333 0.051420917002568046 0.334018851756641 0.05046720698119618 0.3348757497857755 0.04348978729308932 0.3491002570694087 0.035097139105016655 0.35664095972579263 0.29655445628129 0.14910025706940874 0.28249195628129004 0.14910025706940874
1 0.3272332459052811 0.13744644387317909 0.3052702892599864 0.13658954584404456 0.1454867888959816 0.2848329048843188 0.12989043068653702 0.2932305055698372 0.12572721728908795 0.2958011996572408 0.12477350726771613 0.2966580976863753 0.12401053925061856 0.29734361610968296 0.011663498733009151 0.3982862039417309 0.010709788711637221 0.39914310197086544 0.009341483985129292 0.40154241645244215 0.0003652343397662368 0.41405312767780633 0.34494157923861446 0.13744644387317909 0.3272332459052811 0.13744644387317909
1 0.34075906822144864 0.15149957155098542 0.32403936751866985 0.15394760395378887 0.30452185373280577 0.16992569114849326 0.295202402264056 0.17652099400171378 0.27925830234562915 0.19262471591229932 0.25958612385039176 0.20822237245951075 0.23590213006506403 0.23054097238073487 0.2185016740189494 0.24461690633797442 0.193155429977263 0.26820908311910885 0.1817895458919479 0.27967993295021276 0.10300794507340942 0.3494255497222854 0.087892747617471 0.36248699421299574 0.07881352343228827 0.37428034428527757 0.061950561063326505 0.38683455565254526 0.03966441373135729 0.4073778106171652 0.07236577058768016 0.4041131105398458 0.12253091771184194 0.35904027420736934 0.13349132200217032 0.3490451190747924 0.15481656410903685 0.3304040173476373 0.164303416647931 0.3215081405312768 0.22575445687506945 0.26458951533135494 0.24296733124294853 0.25431788784904497 0.2558378720711238 0.24379263800010265 0.27359858509715035 0.2233076263924593 0.3534071745129546 0.15508889589626776 0.34075906822144864 0.15149957155098542
1 0.3712940396146234 0.14910025706940874 0.3501504227429899 0.15489868057252126 0.3180852272280035 0.18267011783950748 0.2927946164802148 0.2043546647466063 0.2896431539663303 0.21082198575398664 0.28051568158966883 0.2153871535239022 0.27347234998389464 0.2222349051787755 0.26065592141619576 0.23478911654604326 0.2289000553199563 0.2633214151080154 0.19998047117135193 0.28982474054184004 0.1681840224949419 0.31683531651384034 0.15552225863661662 0.329769958528601 0.14270583006891766 0.3423241698958688 0.13203937620983036 0.3487914909032491 0.12045259970581075 0.35868268773806616 0.05177289324784725 0.4224682340409341 0.035751227942248914 0.42999143101970866 0.027226136967826994 0.4423307626392459 0.04877676326308471 0.45372695998315377 0.07140515698266293 0.4297598291910972 0.12671448271134356 0.3821425854066801 0.14107755837277675 0.37339268051434193 0.1508489409444856 0.36045803849958125 0.18770694736848512 0.33357426500353066 0.2076402070909907 0.3115092874489389 0.2278422136520728 0.2886834485993612 0.25764920347674736 0.26294098446052244 0.2921385454731593 0.23496143958868895 0.2986237736184882 0.22913453299057412 0.35981313427317496 0.17582236618463418 0.38402109205534957 0.15147480474508462 0.3712940396146234 0.14910025706940874
1 0.4219152206745329 0.13333333333333333 0.40091404258904845 0.1373354637449592 0.36226950959640825 0.17309594460929761 0.31788479661070546 0.21037814806360786 0.2957533139881098 0.23130183367572074 0.282741638130867 0.2419538918055237 0.2611476491854242 0.2613558548276647 0.16089673596607929 0.3524689949022291 0.14852309977413897 0.3599508053761387 0.14408202178859622 0.3722513885718631 0.12355535458615072 0.3829034467016661 0.09089270198603246 0.4153668542145174 0.050076992532418825 0.4510005326029062 0.03581628378368838 0.46900757551102507 0.0157477401796181 0.48600015217225867 0.02792679690176314 0.5010271627482307 0.13106809140772444 0.40991402267366633 0.18029791309911125 0.36464277562200387 0.19861869179015823 0.3471429658373276 0.19818761463090015 0.34181693677242614 0.21078354455150125 0.33725176900251064 0.2310667162729241 0.3174693753328766 0.43540337073890206 0.13543331050749438 0.4219152206745329 0.13333333333333333
1 0.4331451779700853 0.13746227202581987 0.38325611486103434 0.1796900738975386 0.3829544510535957 0.18463567231494712 0.3680132991348393 0.19338557720728522 0.33175457072052483 0.2264830435391729 0.3173750430354081 0.23732531118781133 0.27754144055925917 0.27727052917457234 0.2634141947675404 0.28944430989434705 0.24081871801682428 0.3092267035639811 0.22207452777782746 0.3271069439961503 0.2057896416661889 0.33966115536341807 0.19520435296744243 0.34917192155074206 0.17473944425453922 0.36755941832599787 0.13098400390400602 0.4094701791783765 0.09187547678324541 0.4440893681002361 0.05271283094126087 0.47667960130868114 0.030003272061341946 0.497603286920794 0.016562314126404114 0.5138350022870417 0.019117013217895364 0.536470602593229 0.044296464179858455 0.5133277459439551 0.04887282604696625 0.5060995636415888 0.08494397278304516 0.47680640378463074 0.12698930845734793 0.43850973408343524 0.23998315069535897 0.3375053971740539 0.34124908786103053 0.24651905957543924 0.3794372923368589 0.21532374648101638 0.4017969392178606 0.19211747698394568 0.4610339733506706 0.1373354637449592 0.4509708471064604 0.13391158791752253
1 0.4670564298626155 0.13556011878835506 0.43383508183298247 0.16333155605534125 0.3954592956789187 0.19833117562469374 0.38168196188611714 0.21278754022942628 0.3532757343974311 0.234155063531918 0.2426782846924316 0.33560324393658914 0.13016489506697185 0.43565650422723806 0.07241274953835392 0.48650738529570126 0.042915069750183575 0.513010728144259 0.03368118085562758 0.5244236475690478 0.018821194097212057 0.5362169976413296 0.003226211848470702 0.5746404930381188 0.02486078337408415 0.5567602526059495 0.04728221458761794 0.5412893985346878 0.058055084964600094 0.5279743258724341 0.07997191362685332 0.5098404804883656 0.09574822171970823 0.49237360754070264 0.11062866827304774 0.480737535955154 0.1919236854794209 0.4076948516365054 0.21207339424383206 0.3937457201552155 0.3075720855950817 0.30326663309477636 0.3320113436224895 0.2824335904027421 0.3688091665343129 0.25032336605036887 0.383218157413318 0.23736075407026563 0.43955947762211 0.18831317050901608 0.495374455926653 0.13658954584404456 0.4845862992605498 0.13175581231342542
1 0.4896255279939632 0.1391742099395382 0.4539013579919288 0.1733495669759299 0.4353118324623054 0.19161023805559207 0.42310639712079207 0.19997971230043723 0.4152162424191182 0.2075883252502965 0.3378865873929196 0.27758757019391245 0.31183618923931733 0.2978771969869891 0.26324148486985544 0.34257779806741206 0.24304240065215096 0.36280403523233584 0.22044692390143497 0.3825864289019699 0.1828367956829299 0.4137817419963928 0.14362772257401984 0.4500494559841738 0.11302800899242692 0.47858175454614593 0.08858422134053802 0.4995054401582589 0.08031123767108461 0.5090162063455829 0.0475780078653114 0.5415430267062311 0.027401252661783223 0.5544776687209918 0.007978414334323603 0.5740064574387265 0.014172668320569078 0.5949301430508394 0.021444164184749207 0.5857998075110084 0.043811476677059244 0.5682999977263321 0.06639344312971182 0.5480103477136115 0.09529951051950529 0.5209997717416112 0.12791865819607556 0.48961424332344183 0.1555215739731573 0.467929696416343 0.17134246595667565 0.45423419310659635 0.20654558784449317 0.4194882017087872 0.2517935824105267 0.37935276839827975 0.2875989304943968 0.3482208449320097 0.3447459533265745 0.2963554743970172 0.3648009607895914 0.27885566461234096 0.38176446914670265 0.26465292817915176 0.5069928582000768 0.15235646958011997 0.5141076437023935 0.14678282288939742 0.5247335149813104 0.13879377929204523 0.5107390392599863 0.13658954584404456
1 0.3003853644366111 0.33725176900251064 0.24376229914053274 0.3870881838240886 0.23067712373425753 0.4004032564863423 0.21535314284772172 0.4110553146161452 0.21276622045010699 0.4170154025000829 0.18826833991998418 0.43591010917913736 0.17976719199212474 0.44770345925141924 0.17133187800198973 0.4511273350788559 0.1284861464987131 0.48650738529570126 0.11558268224092826 0.5012173780719771 0.07263345656313429 0.540845578259042 0.03257889833026203 0.6015424164524421 0.04059307880662585 0.5966420577449137 0.0562593060807707 0.5825661237876741 0.09628815584646351 0.5445230590383779 0.114079106471666 0.534251431556068 0.14479290218246194 0.504577841051617 0.16600698450350287 0.4844784295822868 0.17763434358769298 0.4761089553374417 0.1903772726063592 0.46621775850262465 0.22937758812766199 0.4275406349342922 0.2555691148495843 0.40712420566526597 0.2652179221518301 0.39485861182519283 0.28829770466902993 0.3741216795201371 0.30325995505854497 0.36375511185106835 0.32248167556671553 0.3475233964848206 0.37140216783935553 0.30149128813817216 0.3959870840595644 0.2804408000501097 0.4043567999131473 0.2707797772065124 0.4439002438401759 0.23998832572026207 0.49664281928535964 0.189031705227078 0.5147946123004181 0.17525172021339472 0.5349488514479225 0.1557840616966581 0.552975151164938 0.13834994740657744 0.5435298040078662 0.13333333333333333 0.5223641688874158 0.13936442526328466 0.48818191563268 0.1690380157677357 0.4639739578505055 0.19338557720728522 0.41069760881860307 0.2386568184540367 0.3707422586019428 0.2740368686708821 0.3572336716477178 0.28773237198062873
1 0.6018886585675133 0.11102234202505902 0.578887356015093 0.11558750979497455 0.5625289703544218 0.13080473569469303 0.5177489603666411 0.17240788346186803 0.5033654357706444 0.1829237344012288 0.4315371956029217 0.25057699422191215 0.4093980473690175 0.2657942201216306 0.33877243220809933 0.329769958528601 0.32836885465784327 0.3406756448299473 0.2930662547758895 0.3698371893744644 0.28437755859460584 0.3791625530745333 0.2653975384858946 0.3936189176792658 0.2512373757253137 0.40997743552146315 0.2324855198750086 0.4221512162412379 0.1986667147602437 0.45461462375408934 0.18529702236086512 0.4666666666666667 0.17716133757024147 0.47163667523564695 0.16417513208676116 0.4835273529635544 0.1590612765425006 0.4922772578558926 0.11525169162775366 0.5321590862145007 0.10131202751427028 0.5405285604593459 0.09553893055234575 0.5462350201717403 0.09396703210105765 0.5523219105316277 0.07648541089460194 0.5633543993089236 0.048758857996996835 0.5881748071979435 0.03236944474747574 0.5998757414682478 0.020280000142189298 0.6090831191088261 0.018434549744913178 0.6165512538904974 0.005509883734766537 0.6250475538309362 0.08484708276624862 0.5840616966580977 0.10476428568082916 0.5741216795201372 0.1492605930080457 0.5312079863761243 0.15707208099306377 0.5215081405312768 0.18533500832225916 0.49494430162810626 0.2429390936131218 0.44318766066838045 0.2569182601301457 0.436036934874731 0.265952654737147 0.42485004284490147 0.33327641551580806 0.3648329909457504 0.3502128774338025 0.34961576504603187 0.35872169097297013 0.3435288746861445 0.36441362277455386 0.33477896979380634 0.40137947777195637 0.30317052270779776 0.4153912029182164 0.29001496167049756 0.43363848206023087 0.27517816641827203 0.5102600515160396 0.20651242502142245 0.6142205719959737 0.11552410855699974
1 0.607350169324102 0.13401885175664097 0.5883463892219756 0.13790610971619865 0.540460301723471 0.1793730502929315 0.3535105671625543 0.3468259480376315 0.16324706561006117 0.5146592532101805 0.1786675428795544 0.5184635596851102 0.1966964471982339 0.5132819194515853 0.24904269061088033 0.4640619770936166 0.30490009797139983 0.4180298687469681 0.41027253234631345 0.32387328349246014 0.5148306793725831 0.23079460055227813 0.6221029764051325 0.13562352583124088 0.607350169324102 0.13401885175664097
1 0.3582093704329118 0.3685738845728831 0.3086596055251023 0.40997743552146315 0.29230121986443114 0.42519466142118156 0.2856078002575742 0.43432499696101273 0.22998488803173794 0.47986289631533846 0.2180766065459391 0.49240406033184214 0.1995440962379271 0.5100941086599089 0.1748935594930296 0.5281919451585262 0.15579744876051696 0.5442060412386818 0.1486806176057101 0.5537168074260058 0.13570349197148712 0.5624678663239074 0.1263268154114635 0.5717238735537687 0.0863692106711742 0.6341144997426145 0.11751408354122835 0.6097669383030649 0.1418767060327763 0.5857998075110084 0.1722888379361335 0.5610718154239659 0.2066557763687173 0.530193496909595 0.2268007160222079 0.5079383272509008 0.24408708993911954 0.4950036852361401 0.2705368013879223 0.47071951342474333 0.29509467116901417 0.44865453587015164 0.3163328775857946 0.4321692155520046 0.3389731223996076 0.4116538131962296 0.360336226878338 0.3924592973436161 0.3752141032117396 0.3790916880891174 0.48187033434975896 0.2855132009434678 0.5251394774009854 0.24975272007912944 0.5606384119487389 0.21526033943813055 0.5899349739176201 0.19205406994105986 0.647718205926653 0.13658954584404456 0.6354992827724651 0.13397499496040838 0.6187021543412278 0.13815973208283094 0.5776718167702616 0.17658322747962008 0.5301279756593659 0.21462629222891627 0.5169693007040582 0.23060437942362064 0.45000182887460966 0.2856898029134533 0.4333349255685274 0.30263258008065114 0.4153969758452598 0.31823023662786254 0.3911078529027444 0.33953435288746836 0.37160387525793387 0.3560196732056154
1 0.1132308745180616 0.6474721508140532 0.14489404722760865 0.6190231362467866 0.16254227312290273 0.602031499657612 0.1767506840749623 0.5929011641177809 0.19533254399327749 0.5689340333257243 0.21631553971253498 0.5537168074260058 0.24019770959153158 0.5307007532526817 0.26661742641484987 0.5080017168790536 0.2879997095863178 0.48878996918065903 0.30990302795050745 0.4701488674535039 0.4127514515221531 0.37618249752274235 0.4421726835749232 0.35494179411093335 0.5026815611052897 0.30317052270779776 0.5204632373654768 0.2830404017347636 0.5332361610096277 0.27156406946217787 0.5441636960959833 0.2586294274474172 0.5602939174982483 0.24569478543265647 0.5567442947939677 0.2426513402527128 0.5707574584564836 0.2316188514754169 0.5908607141109791 0.22134722399310694 0.6027897370026079 0.2080321513308533 0.629394087317794 0.18412843338659352 0.6683479497291812 0.14912881381724102 0.7081563008477763 0.11907479266529704 0.7098422814282674 0.11184661036293077 0.6920359995804485 0.11070531842045188 0.6700350204267554 0.11653813196229648 0.651446659303678 0.13315072662253663 0.6318962285489517 0.1533135509396636 0.6096835807660151 0.1711937913718328 0.5853209582744672 0.1951609221638894 0.5339114507680233 0.2365038560411311 0.5329577407466514 0.23736075407026563 0.4911013009009374 0.27669988320333283 0.4628873918976702 0.30256916723285426 0.4462196768182522 0.3170255318375868 0.4364812112154054 0.3257754367299249 0.4310174436722276 0.33224275773730527 0.36061996692672543 0.3939359354789619 0.29860955597987965 0.44497705509081564 0.2716658816204619 0.4697050471778581 0.2516514567376156 0.48872657955250626 0.24314264319844792 0.49481346991239367 0.21512326240761023 0.5182519280205655 0.20456868741146259 0.5305105379289352 0.18963520110401458 0.5449669025336678 0.1571465940410783 0.5731187704481469 0.14625197592358496 0.581868675340485 0.1331262179371393 0.5936620254127668 0.12211751769044289 0.6035532222475839 0.11057132376659358 0.6149661416723727 0.08581820669595785 0.6351289659894997
1 0.7111508441286584 0.139237616982424 0.7051671686545734 0.13162900403256478 0.6814737077156269 0.1373354637449592 0.6388638060820643 0.1761393897892413 0.5591841987112749 0.2420172988484095 0.5510658797511948 0.25190849568322654 0.5563168142585833 0.2591366779855928 0.5691485740488988 0.2579953860431139 0.6695018477201987 0.1761393897892413
1 0.7136737276701121 0.15255268964467766 0.696062693111837 0.1533135509396636 0.6361258349811922 0.20353039640873455 0.5207165324984644 0.30077120822622105 0.5114805095632516 0.30929011641177795 0.5161387243958792 0.30488431876606686 0.48464110516926884 0.3273350471293916 0.483687395147897 0.3281919451585261 0.4242010783356284 0.38748928877463584 0.4150454621304582 0.39571550985432735 0.4140917521090863 0.3965724078834619 0.40028085950518943 0.40712420566526597 0.39333398433976624 0.41405312767780633 0.37486265633013444 0.429442788171757 0.359465175894566 0.4427578608340107 0.25599974126221314 0.5374464438731791 0.27666061457417457 0.5383033419023137 0.29025630919050666 0.5381825637265913 0.7204636436599263 0.15787871870957915
