1 0.9634756213931601 0.004 0.984281355999992 0.007555555555555556 0.9438502245631087 0.015333333333333332 0.9434883567109925 0.004666666666666667
1 0.9407619416577295 0.023333333333333334 0.9551185438479108 0.03 0.9853180416758258 0.060444444444444446 0.9995977698948202 0.08377777777777778 0.9885142772963078 0.12844444444444444 0.9938211238682774 0.11933333333333333 0.9681348572377421 0.10444444444444445 0.9430993239878379 0.06844444444444445 0.9076162728114059 0.03177777777777778 0.9114135327123706 0.020888888888888887
1 0.8777988345184616 0.021333333333333333 0.9030875127983912 0.026444444444444444 0.9573091725364749 0.13777777777777778 0.937172031559519 0.11266666666666666 0.9078624446532475 0.08466666666666667 0.8639034972680482 0.027777777777777776 0.8777988345184616 0.021333333333333333
1 0.8272595298907021 0.02 0.8423150132350415 0.01911111111111111 0.8565364978390818 0.02422222222222222 0.9186260140919748 0.09222222222222222 0.9618915132972239 0.14177777777777778 0.9864797702090193 0.22333333333333333 0.960242937392492 0.19755555555555557 0.9153684544285866 0.14377777777777778 0.868058753373543 0.08666666666666667 0.8202567297474619 0.03688888888888889 0.8096080862120212 0.021555555555555557 0.8272595298907021 0.02
1 0.7990176862915344 0.024444444444444446 0.817102438819311 0.03177777777777778 0.8805128434093334 0.10133333333333333 0.9419749195050476 0.1751111111111111 0.9612182779127737 0.2568888888888889 0.9105197712557869 0.19066666666666668 0.8902677043755445 0.17333333333333334 0.881460227838943 0.15644444444444444 0.8508297525955422 0.12688888888888888 0.8416371149833718 0.11466666666666667 0.8181927052428793 0.08333333333333333 0.7830870507341984 0.04711111111111111 0.7749070143547756 0.024444444444444446
1 0.7362968582338768 0.021333333333333333 0.7678102500980916 0.024 0.7788005698027938 0.04066666666666666 0.7949828101761793 0.056 0.8279692981059212 0.09577777777777778 0.8459849410703284 0.11466666666666667 0.8472444842519055 0.12266666666666666 0.8689603214632358 0.138 0.8691870717292107 0.1471111111111111 0.8862848476813021 0.15933333333333333 0.9001413628926282 0.17844444444444443 0.9239631693008721 0.21022222222222223 0.9751539985288968 0.26911111111111113 0.9778198596462416 0.33555555555555555 0.9715648585376743 0.324 0.9232045043177838 0.26844444444444443 0.907272307433826 0.24688888888888888 0.8899935975556764 0.22933333333333333 0.8822647302745941 0.21511111111111111 0.8671688635645453 0.19733333333333333 0.8164625924997406 0.13622222222222222 0.7872143507490212 0.10177777777777777 0.7614900321863864 0.078 0.7414499568634721 0.04555555555555556 0.71596015297463 0.025777777777777778 0.7362968582338768 0.021333333333333333
1 0.6912375696963273 0.021333333333333333 0.7203079790615865 0.025777777777777778 0.7582006236720944 0.07133333333333333 0.8052758100533454 0.12444444444444444 0.8481716769986606 0.16844444444444445 0.8506092265234086 0.18155555555555555 0.8610155909772393 0.198 0.9016113574175576 0.24022222222222223 0.9208585874728699 0.2628888888888889 0.923627717325452 0.27266666666666667 0.9315530473482275 0.282 0.966559304769257 0.31577777777777777 0.9756090603874689 0.33155555555555555 0.9882596131649523 0.3413333333333333 0.8959900206600108 0.2866666666666667 0.8128734525085183 0.19111111111111112 0.7669203602890937 0.13466666666666666 0.7270079461872985 0.0951111111111111 0.667756669350357 0.025333333333333333 0.6912375696963273 0.021333333333333333
1 0.6408691031531983 0.020666666666666667 0.6612795808430344 0.02422222222222222 0.683138300048323 0.036 0.7306009789387525 0.09422222222222222 0.8755748801029551 0.26355555555555554 0.976852304646423 0.38422222222222224 0.9266546761879251 0.38422222222222224 0.8256016704768225 0.2628888888888889 0.7774478748400524 0.2071111111111111 0.7687755158895919 0.19177777777777777 0.7517771370251519 0.182 0.7287994251986347 0.14888888888888888 0.6765222223072733 0.09244444444444444 0.6563392649904007 0.06355555555555556 0.6251069742468833 0.03422222222222222 0.6284732567323623 0.02422222222222222
1 0.9610474820534346 0.48244444444444445 0.911284702658008 0.42244444444444446 0.8682001373788171 0.37822222222222224 0.8706687445348351 0.3708888888888889 0.8390132407836496 0.3373333333333333 0.8185880043851668 0.30955555555555553 0.7849997009553084 0.27 0.7593289631404079 0.24488888888888888 0.7317254256468344 0.2137777777777778 0.6240322577515958 0.08555555555555555 0.580397126286413 0.030444444444444444 0.5856146716121586 0.023555555555555555 0.6055483555465915 0.02422222222222222 0.6224193812327079 0.027333333333333334 0.8372652466786207 0.27755555555555556 0.894629540176806 0.3451111111111111 0.949925916410177 0.4051111111111111
1 0.9262314842929027 0.4931111111111111 0.8322239935243594 0.38333333333333336 0.7800896726269566 0.3233333333333333 0.7766472862772786 0.31555555555555553 0.7602685831622001 0.3051111111111111 0.7545618168060148 0.2946666666666667 0.7285750274789152 0.26266666666666666 0.697143942560095 0.22844444444444445 0.6805462535868588 0.20377777777777778 0.6263820673567414 0.1451111111111111 0.5296869835740228 0.028444444444444446 0.5423608295749585 0.02288888888888889 0.5624474913447777 0.024666666666666667 0.578798238369184 0.03088888888888889 0.6205005701556937 0.08 0.6787547745755226 0.15 0.7358767889920977 0.21866666666666668 0.7864634712863963 0.268 0.7874450148878737 0.278 0.8332528936797299 0.32822222222222225 0.8795298018191712 0.3864444444444444 0.9835918850308564 0.5066666666666667
1 0.5141446106328532 0.021777777777777778 0.5308191735772764 0.029777777777777778 0.7331930887381539 0.2657777777777778 0.7511194304563369 0.2868888888888889 0.7542302364781807 0.298 0.7810867450440692 0.3231111111111111 0.8341466973616051 0.38466666666666666 0.9345342109834295 0.5028888888888889 0.9860985652316194 0.6213333333333333 0.8967091357223149 0.5146666666666667 0.8834466716032877 0.5004444444444445 0.8654387930466982 0.47644444444444445 0.8541906654447508 0.4711111111111111 0.85204121134153 0.46066666666666667 0.8349511997972562 0.44333333333333336 0.7851884204018297 0.38333333333333336 0.7373126243451593 0.32555555555555554 0.6834800184428761 0.26355555555555554 0.48222043303600737 0.029333333333333333 0.4891440277744509 0.019333333333333334
1 0.45156899600276396 0.024888888888888887 0.48658611937220875 0.028888888888888888 0.5315778596730104 0.08466666666666667 0.5447253978887511 0.10666666666666667 0.5638988555134742 0.12133333333333333 0.6097805067359194 0.17955555555555555 0.6574932291157766 0.23155555555555554 0.6631743708148995 0.24755555555555556 0.6858057436049354 0.2597777777777778 0.6936161477244246 0.2768888888888889 0.7278777076513788 0.31444444444444447 0.833872590541737 0.44066666666666665 0.8609022686258662 0.4762222222222222 0.8787905584119496 0.48844444444444446 0.8916142807076733 0.5086666666666667 0.9314373935632445 0.5504444444444444 0.9516739316278519 0.578 0.9408148578617047 0.622 0.9049342183346669 0.5755555555555556 0.8538707422849657 0.5233333333333333 0.8396803153121956 0.49777777777777776 0.7879692074224609 0.442 0.6732048999276006 0.30777777777777776 0.6492479759332158 0.27444444444444444 0.6040877289813931 0.22777777777777777 0.5705071899593522 0.1831111111111111 0.4958641865830173 0.098 0.4723685275284001 0.07777777777777778 0.466858223913908 0.06244444444444444 0.438364775498691 0.028888888888888888 0.45156899600276396 0.024888888888888887
1 0.40561979654357094 0.022444444444444444 0.43071977648962484 0.027333333333333334 0.44099878776513196 0.03711111111111111 0.4596061503882281 0.051111111111111114 0.47175661618685627 0.07333333333333333 0.5121000077041372 0.112 0.5286619761788837 0.13755555555555554 0.5458335245615641 0.15777777777777777 0.570831005879369 0.18488888888888888 0.6698518148241469 0.29777777777777775 0.6776800791928809 0.31444444444444447 0.6997733130719621 0.3302222222222222 0.6957951192449394 0.3357777777777778 0.7243499128157084 0.36288888888888887 0.7607966473443731 0.41 0.8365260243840447 0.49266666666666664 0.8384052433149832 0.5 0.857976289290312 0.5244444444444445 0.8842667028545739 0.5488888888888889 0.9083307883444278 0.5795555555555556 0.9220980023095295 0.6008888888888889 0.9982404965154421 0.6831111111111111 0.9492286388079322 0.6831111111111111 0.881108540278837 0.6028888888888889 0.8476553544351197 0.5648888888888889 0.8233210337729835 0.5311111111111111 0.7927977200250518 0.4988888888888889 0.7848188092545417 0.4908888888888889 0.7149468449728317 0.41 0.6705211996736568 0.35488888888888886 0.6194297675332835 0.29844444444444446 0.5360251039602641 0.20022222222222222 0.5274800981881272 0.19155555555555556 0.5175683877389441 0.17755555555555555 0.47623568821236806 0.134 0.45595566524145376 0.11244444444444444 0.4483696799543298 0.09466666666666666 0.4264270924770246 0.07022222222222223 0.38571406869980995 0.026 0.3941394857014407 0.02288888888888889
1 0.35947413434268494 0.024888888888888887 0.3895136600343845 0.024888888888888887 0.40548157741683194 0.04555555555555556 0.4158599857799905 0.057777777777777775 0.4346125618306552 0.078 0.4492316347853012 0.09288888888888888 0.4524239776455516 0.1068888888888889 0.4837020847289858 0.14 0.5126622310581782 0.17177777777777778 0.5196363050037582 0.18511111111111112 0.539896136291818 0.19733333333333333 0.5541479084201402 0.21644444444444444 0.591186362607494 0.25866666666666666 0.6217298680382805 0.3002222222222222 0.6741600487650278 0.35777777777777775 0.6944400717359421 0.37933333333333336 0.6962222250128391 0.394 0.7285051689212033 0.42177777777777775 0.8642328517255011 0.5802222222222222 0.8640107643267457 0.5906666666666667 0.885690881039586 0.6068888888888889 0.8881284305643341 0.62 0.9054964416887077 0.6353333333333333 0.9108079511278968 0.6457777777777778 0.9272580952399548 0.6544444444444445 0.9335130963485221 0.666 0.9522019958100248 0.6828888888888889 0.9713063438713785 0.7091111111111111 0.9970508541168679 0.7422222222222222 0.9897490926036854 0.7862222222222223 0.9601770349329491 0.75 0.9274708780169167 0.718 0.9071528031139028 0.6875555555555556 0.8921563334915056 0.6722222222222223 0.8732329193562102 0.6513333333333333 0.8599168744894485 0.6384444444444445 0.858234118300203 0.6262222222222222 0.8260963878194071 0.6046666666666667 0.8274762898784785 0.59 0.8017543027494536 0.576 0.807762361909191 0.5691111111111111 0.795443389459542 0.556 0.7745972714870009 0.5337777777777778 0.7346825259515957 0.48444444444444446 0.6527874490495812 0.388 0.6141423425371806 0.35133333333333333 0.5965553455546495 0.3217777777777778 0.5603175010427149 0.2842222222222222 0.5492456444996059 0.26466666666666666 0.479312335062344 0.1902222222222222 0.3408077579976465 0.02711111111111111 0.35947413434268494 0.024888888888888887
1 0.3339175523240829 0.026444444444444444 0.3456781941799227 0.033777777777777775 0.3807838486886036 0.07 0.4001584319222393 0.09933333333333333 0.4245238102156455 0.11266666666666666 0.4315437005011426 0.12977777777777777 0.49390345192631785 0.2008888888888889 0.5091880169702423 0.21888888888888888 0.5674958021378056 0.28755555555555556 0.5817832947646175 0.30577777777777776 0.6021347587325111 0.32555555555555554 0.6055515204251267 0.3388888888888889 0.6306561632384003 0.36333333333333334 0.6520862364618132 0.3857777777777778 0.6837953209607331 0.418 0.6873192441488176 0.42866666666666664 0.6951552729253692 0.44022222222222224 0.7113910940464891 0.45422222222222225 0.7361998770304181 0.4811111111111111 0.7469479176535103 0.4988888888888889 0.7556738573517054 0.5128888888888888 0.8094606469140716 0.5711111111111111 0.804916358085422 0.576 0.8286542962216493 0.5951111111111111 0.8247754994822778 0.6031111111111112 0.8571376487954389 0.624 0.8697012317603081 0.6457777777777778 0.8862072880537101 0.6628888888888889 0.900737059762132 0.68 0.9227332279871718 0.7031111111111111 0.9302198161866443 0.7184444444444444 0.9638158840243203 0.7528888888888889 0.995036538712434 0.8464444444444444 0.9748838689198434 0.8315555555555556 0.9255520669399026 0.7706666666666667 0.7543032810270732 0.5666666666666667 0.5826413779480029 0.3631111111111111 0.492300692361503 0.2604444444444444 0.4768351933915204 0.2371111111111111 0.4656406465373075 0.23044444444444445 0.4488464948223783 0.21066666666666667 0.41192296653831073 0.16066666666666668 0.3894678648071132 0.13422222222222221 0.36639308732655435 0.10844444444444444 0.34118904742562933 0.08155555555555556 0.3222376771996617 0.05644444444444444 0.3079346557572149 0.04844444444444444 0.3118592688365032 0.044222222222222225 0.2967634021264544 0.026444444444444444 0.31410889013436355 0.02266666666666667
1 0.26458451817296136 0.020666666666666667 0.2936370672889757 0.025555555555555557 0.3268200179604108 0.060444444444444446 0.3362828907448635 0.07577777777777778 0.35280680728751046 0.09244444444444444 0.37388743993384427 0.11866666666666667 0.41249682594775516 0.15622222222222223 0.4533294384954759 0.21222222222222223 0.47678161264378593 0.23844444444444443 0.49320613209878156 0.25266666666666665 0.49474600629406834 0.26844444444444443 0.5321339010585014 0.3068888888888889 0.5600690188799091 0.33466666666666667 0.5757208847501575 0.34844444444444445 0.6127057581897769 0.392 0.6158445203022928 0.4073333333333333 0.6364281675103691 0.42133333333333334 0.6493489554601348 0.43422222222222223 0.6660002251811054 0.45755555555555555 0.6675478637842097 0.4682222222222222 0.683278935059255 0.4751111111111111 0.6924179919236907 0.4886666666666667 0.7314249662882075 0.536 0.7635572637947956 0.5724444444444444 0.7717629248312808 0.5895555555555556 0.7937489972148931 0.608 0.8053667570767743 0.6188888888888889 0.8117211552729929 0.6328888888888888 0.8253532516519538 0.6526666666666666 0.841022977771447 0.666 0.8484559852231849 0.6826666666666666 0.874376766527513 0.7015555555555556 0.8789435784726269 0.7157777777777777 0.8966354055170173 0.7328888888888889 0.9129170429780542 0.7506666666666667 0.9201613520959165 0.7671111111111111 0.967272258975657 0.8193333333333334 0.9726194889133359 0.8288888888888889 0.983051478024229 0.8397777777777777 0.983871509275515 0.8882222222222222 0.946590776006551 0.8471111111111111 0.914807919077042 0.8068888888888889 0.8736716822921592 0.7584444444444445 0.8602585717713559 0.7528888888888889 0.8642903463461131 0.746 0.8426715747888246 0.7233333333333334 0.7736079845903515 0.642 0.6353992673549986 0.47644444444444445 0.6018466844236299 0.436 0.5933273033085551 0.42177777777777775 0.5800112584417936 0.4088888888888889 0.565580883821023 0.3942222222222222 0.500110326374004 0.312 0.37291988493402567 0.16733333333333333 0.30846659158697387 0.09422222222222222 0.28121249467047943 0.059333333333333335 0.2698983590457603 0.04088888888888889 0.2580383201022691 0.03111111111111111 0.25677877692069184 0.02311111111111111
1 0.24174115382559727 0.023555555555555555 0.26446182786185735 0.033555555555555554 0.30253540639842336 0.08444444444444445 0.32385831812636723 0.10955555555555556 0.34028283758136274 0.12377777777777778 0.3357385487527132 0.12866666666666668 0.34739979352090145 0.13355555555555557 0.3592877885550649 0.14755555555555555 0.3765051532776623 0.17155555555555554 0.39522977323765474 0.18755555555555556 0.3902187864950299 0.1942222222222222 0.4103256399477035 0.20533333333333334 0.43708508285955044 0.23777777777777778 0.46524461951332335 0.2648888888888889 0.7583770002941616 0.6226666666666667 0.820917685645395 0.6991111111111111 0.83814281477581 0.718 0.840014269298931 0.7304444444444445 0.8611181951687175 0.7413333333333333 0.8627194145195562 0.7506666666666667 0.8911289946627567 0.7715555555555556 0.9261298191095786 0.8202222222222222 0.9497986476824363 0.8508888888888889 0.9781647429193299 0.8777777777777778 0.9856513311188022 0.8931111111111111 0.9852498711206105 0.9424444444444444 0.968152095168519 0.9302222222222222 0.9621215128923171 0.918 0.9306624718828248 0.8795555555555555 0.8877207885975922 0.8317777777777777 0.8767483291421351 0.8146666666666667 0.8624274474504432 0.8071111111111111 0.8460184568110827 0.7826666666666666 0.764276357744454 0.6873333333333334 0.7414516237533229 0.6553333333333333 0.6822283030070536 0.5897777777777777 0.530856518740325 0.41244444444444445 0.4767893981642492 0.34644444444444444 0.4494359041601033 0.3091111111111111 0.41665597481348177 0.26911111111111113 0.3996575959490419 0.25933333333333336 0.38589814639175746 0.2328888888888889 0.36107150315858366 0.20644444444444446 0.31527138877454497 0.1511111111111111 0.2606762251289418 0.09333333333333334 0.20960032180420363 0.02666666666666667 0.217513224551942 0.021555555555555557
1 0.15893909697232805 0.003777777777777778 0.18292474716437312 0.006888888888888889 0.201674991781428 0.017333333333333333 0.3062674494962502 0.1391111111111111 0.3537658488851693 0.19644444444444445 0.37725374353196905 0.22177777777777777 0.4037810032036332 0.26 0.41882095773233763 0.2693333333333333 0.4599137096109134 0.3237777777777778 0.5061090809119481 0.3791111111111111 0.6063537125398137 0.5008888888888889 0.709148488162104 0.6182222222222222 0.7437160037598302 0.658 0.7737827154352138 0.6966666666666667 0.8046756614430793 0.7344444444444445 0.8592094799331306 0.7986666666666666 0.865158525370926 0.808 0.8767483291421351 0.8146666666666667 0.8839289616708352 0.8277777777777777 0.9106247279935206 0.8568888888888889 0.9380853834931354 0.8915555555555555 0.9642686355619281 0.9186666666666666 0.9650793410787748 0.928 0.9832930081114968 0.9862222222222222 0.9558727359775914 0.9702222222222222 0.9291769696549063 0.9411111111111111 0.9105393195075281 0.9131111111111111 0.8595907693611134 0.8531111111111112 0.7607485629087837 0.7357777777777778 0.7090553152682939 0.6795555555555556 0.6877223076989227 0.6497777777777778 0.6605140271223453 0.6186666666666667 0.558374647747906 0.49977777777777777 0.5131864447054112 0.4488888888888889 0.47200439158061136 0.39666666666666667 0.4572960173797411 0.384 0.4420013564943894 0.36133333333333334 0.42909066438605115 0.3531111111111111 0.4285501940414867 0.3468888888888889 0.4179931831858798 0.3391111111111111 0.4181259693384111 0.3308888888888889 0.40916784640003334 0.32266666666666666 0.35948660384301356 0.26555555555555554 0.2581097822118942 0.14244444444444446 0.2065415563161183 0.08311111111111111 0.15942055359495036 0.026222222222222223 0.15066665780608315 0.008
1 0.14492106941081045 0.02311111111111111 0.1653595031913184 0.03088888888888889 0.1788463861427108 0.044444444444444446 0.18446385125267198 0.05711111111111111 0.19342197419104976 0.06533333333333333 0.19612742745447012 0.07177777777777777 0.208770215824136 0.08666666666666667 0.25773238554414296 0.142 0.3517499721541136 0.2564444444444444 0.4458211395118186 0.3695555555555556 0.4735496987501059 0.39755555555555555 0.49380409706395795 0.4246666666666667 0.5206349809727842 0.4553333333333333 0.539415513114121 0.4797777777777778 0.5515714118869568 0.4871111111111111 0.5532797927332646 0.49377777777777776 0.5600830285942138 0.5064444444444445 0.5924195532503126 0.5328888888888889 0.6105881740501055 0.5528888888888889 0.6108327845653255 0.5615555555555556 0.6354171487168891 0.5891111111111111 0.6624010104611013 0.6208888888888889 0.6923403689581615 0.6528888888888889 0.730709807324072 0.7013333333333334 0.8293353593518541 0.8142222222222222 0.8746330553234276 0.8722222222222222 0.9014181228923369 0.8991111111111111 0.9184747453717309 0.9271111111111111 0.9167609315512154 0.9353333333333333 0.8958301751996697 0.9348888888888889 0.8703069822459475 0.9257777777777778 0.8185244333592337 0.8717777777777778 0.7792549882302522 0.8162222222222222 0.6808181345363459 0.7035555555555556 0.6348370862262493 0.6428888888888888 0.6075037839049579 0.6148888888888889 0.5851379834199847 0.5862222222222222 0.4912120294898479 0.47933333333333333 0.45240384930063415 0.4368888888888889 0.4371449089137721 0.41333333333333333 0.3964497453858023 0.36866666666666664 0.3760602294858092 0.34 0.3494995807492651 0.31244444444444447 0.3298648581847745 0.2846666666666667 0.30416616427920196 0.25533333333333336 0.254484921722182 0.19822222222222222 0.20454353983430731 0.14266666666666666 0.11028367414272666 0.029333333333333333 0.11947164888767743 0.022
1 0.6062527963508318 0.6804444444444444 0.5779581421109178 0.6517777777777778 0.5654046549874762 0.6346666666666667 0.4839941362486819 0.536 0.45051299431429226 0.49377777777777776 0.0560977560157786 0.030222222222222223 0.06650722201020703 0.022 0.0949657200339225 0.022 0.1134278692294503 0.029777777777777778 0.3164672764796062 0.2688888888888889 0.4017232028928921 0.37022222222222223 0.4003231091509659 0.37555555555555553 0.41656669467990337 0.3844444444444444 0.41564339469337996 0.39266666666666666 0.42934460063571034 0.4008888888888889 0.4452589372704233 0.42288888888888887 0.4476328102060095 0.43266666666666664 0.4596994077326211 0.44222222222222224 0.5104235390466706 0.5028888888888889 0.6107574719207604 0.6224444444444445 0.6651817974817328 0.6795555555555556 0.6734946200136868 0.694 0.6902429553886992 0.71 0.7113872646241947 0.7395555555555555 0.762371535269099 0.7986666666666666 0.8124402703352972 0.8608888888888889 0.915836861457704 0.978 0.9168005448099368 0.9884444444444445 0.878325506275179 0.9868888888888889 0.8510582119766593 0.972
