1 0.0028248441311427897 0.38322046450136216 0.021085379774583638 0.3588729030618126 0.00926438351259081 0.35620988852936186
1 0.0061077904687896496 0.46082831658992635 0.08711434355559504 0.3737096983140381 0.09674687198944008 0.36229677888924927 0.08732004887957144 0.358326359832636 0.07342776905246874 0.3592533337093055 0.062198773269694564 0.36914453054412255 0.06266518141861273 0.37523142090400996 0.04474540723925037 0.3866443403287988
1 0.016048237977302135 0.4497324381844776 0.00039464394904579575 0.46786628356854615 0.11623627852486547 0.3689543152203761 0.1380126384531787 0.349932782845728 0.13679283938607364 0.3427046005433617 0.13020981589954997 0.3424267782426778 0.11962640177035931 0.3427046005433617 0.10886375978196447 0.34612847637079835 0.09494414426799581 0.3662913006879253 0.03995604786183004 0.4199163179916318
1 0.1407054655462381 0.358326359832636 0.12314228040977065 0.3605848409755309 0.06179543305862148 0.429062357524264 0.07767042103535668 0.4450404447189685 0.0862087427323973 0.43286666399919366 0.11467582670275979 0.399769197667306 0.14925966917663386 0.36248699421299574 0.1407054655462381 0.358326359832636
1 0.0936260226997676 0.43648075515037676 0.10869373235442824 0.434198171265419 0.12394075867966035 0.41783965342322166 0.13800389275553282 0.4014811355810243 0.151815896525343 0.384742187091334 0.17233660492334463 0.36381850147922107 0.17152938095580902 0.35811204176682665 0.15798637936912546 0.3600141950042915 0.14722373738073055 0.36343807083172813 0.09848707531842879 0.41783965342322166 0.08544638869840876 0.4330568793229401
1 0.19399940006549313 0.35747800616743436 0.18138916042210684 0.35899972875740627 0.1723305975267994 0.3605214513473781 0.16372051654880682 0.3707930788296881 0.11932477461597729 0.42100992429875905 0.11391438119516337 0.4199163179916318 0.08518189375121056 0.4548953974895397 0.0623546998575069 0.4799766746601681 0.1935330462711138 0.36394532717481476
1 0.20336292631621145 0.36090188199487105 0.1939635476022866 0.36280403523233584 0.13205765087040777 0.4305840801142359 0.07147313675150044 0.4988714045588665 0.09751876623741182 0.4988714045588665 0.2206011232128778 0.36280403523233584 0.2129237498236435 0.36014102069988513
1 0.2267896409973414 0.3605214513473781 0.21371304755957599 0.3685104949447303 0.008000943864587384 0.6318319158576566 0.24307714971910704 0.36546704976478656 0.24404576412561088 0.35976059005239214 0.23635046450477346 0.35976059005239214
1 0.2692004915279767 0.35811204176682665 0.25972935353309984 0.35811204176682665 0.2471011876581103 0.36229677888924927 0.08948283466332037 0.5369144460885187 0.0676766088665992 0.5645590808795553 0.030500903998965257 0.6351289659894996 0.2753531568492338 0.36115548694677035
1 0.2820260090142187 0.36229677888924927 0.2717835538695516 0.36381850147922107 0.14863544500967898 0.50128076770013 0.02599853907598586 0.6381724111694433 0.05798155604029844 0.6355093966369926 0.1796617664025459 0.4983641482157799 0.24195033881279387 0.42817469375332845 0.30019696785418226 0.36381850147922107 0.29488737896366735 0.36115548694677035
1 0.30156919424445383 0.3609652716230239 0.054941103020145834 0.6349387506657532 0.07653820063242663 0.6425473636156124 0.31066371831204564 0.379225942702686 0.3260183563814362 0.359443549033052 0.31520188134369254 0.3583022570905731
1 0.3427542926659779 0.3605848409755309 0.32820676985504504 0.3609652716230239 0.3184307228592961 0.3685738845728831 0.27089587927795716 0.4203124526319259 0.20366547749775546 0.4960181514830253 0.08348606237708343 0.6321489104377088 0.1115586605430965 0.6325293410852018 0.2332627837317456 0.4960181514830253 0.29810747478162486 0.4229754671643767 0.351113297692447 0.36248699421299574
1 0.3686331874388719 0.36 0.3548204118374877 0.3603312360236316 0.3440219173858863 0.3690811409159697 0.10557045008914194 0.6385528418169363 0.012103346381015949 0.7719571733913723 0.13314078764303036 0.6381724111694433 0.21462265764001653 0.5432549646199494 0.3705698074839222 0.36984200221095564 0.37747580936882735 0.3614725279661105 0.3686331874388719 0.36
1 0.396256640565074 0.3603312360236316 0.38169119152253794 0.36337468120357524 0.368273782266155 0.3717441554484205 0.25216920725829284 0.5013441805479267 0.1328986204527697 0.636460473255725 0.01061149345349553 0.7716401788113202 0.020581990695779595 0.7895838088716421 0.040582512250053306 0.770562276496994 0.15953619606336092 0.636460473255725 0.279488414506119 0.5005833192529409 0.29123158973607577 0.48549291904881603 0.339017563623477 0.4341347816372662 0.4012971729179234 0.3652768344410401
1 0.40631972468463057 0.3603312360236316 0.3922745168403613 0.37402673933337827 0.2744987386816151 0.5048314692231602 0.15651071355555513 0.6378553701501032 0.040818672043768815 0.7689771642788694 0.02354467703843509 0.7849552514735737 0.009553302243514495 0.8032159225532359 0.006378456840876368 0.8351720969426447 0.03891740440304557 0.8001724773732922 0.0678867489855327 0.7678358723363905 0.18553399989646865 0.6351923556176524 0.4234323836055352 0.36832027962098385 0.4267867087423614 0.35995080537613866 0.41790751687216443 0.35995080537613866
1 0.44594536815922164 0.35916317991631797 0.42667909699820306 0.36337468120357524 0.3691709091644016 0.42690659933489994 0.3050975352643125 0.4984275610635767 0.18256530615726801 0.6365238628838779 0.04488168122885175 0.7935149410421655 0.08862584125821797 0.7730984653338511 0.21112519442305905 0.6356996119607391 0.3347367013580544 0.49639858213051824 0.3969923770243523 0.42690659933489994 0.423504251595565 0.3953308555929841 0.4530655423027319 0.3629942505560823 0.44594536815922164 0.35916317991631797
1 0.47348639626658784 0.357489539748954 0.46108072143678824 0.3573511804718408 0.45241680740944706 0.36305764018423514 0.37286918970446525 0.45119074792665265 0.2953993636551386 0.5363438001172792 0.2845829429719339 0.5477567195420681 0.27436445500820744 0.562466712318344 0.19733111688485205 0.6497755459179786 0.19422792205408815 0.6585254508103168 0.17876561788600007 0.6691775089401197 0.16161721521096695 0.6916229171422046 0.12021705636474281 0.736513733546374 0.054882186601413946 0.8404981260075461 0.11352043363522621 0.7724010401063061 0.23635168110637667 0.6359532169126384 0.3022038490997615 0.5598036977858932 0.35910216457728006 0.4989347941870193 0.4774399894395059 0.364198932126714 0.47348639626658784 0.357489539748954
1 0.5153660658995499 0.3424267782426778 0.48910244227270905 0.3485378859513498 0.4700317269424762 0.37180754507657326 0.4298872196265637 0.4186005147182076 0.36760761033211725 0.48745846191443365 0.24240564344473797 0.6285348192865257 0.0052636942804460555 0.9170280757817842 0.016223633525554487 0.9094194628319251 0.2690432190553292 0.6285348192865257 0.5240451898604207 0.3458748714188991 0.5153660658995499 0.3424267782426778
1 0.05871874709348989 0.3459382610470519 0.07353532644208816 0.3432752465146012 0.08356255809843832 0.3486012755795026 0.05199222494277305 0.3778944354364607 0.029354753643036583 0.37409012896153104
