1 0.9874343323193199 0.42486876640419946 0.9836753360285978 0.41631793083324986 0.9949944882485272 0.415176638890771
1 0.9865526658282275 0.45915354330708663 0.9719709123991659 0.44047527694905303 0.9715253214266059 0.42982321881925 0.9884934644651646 0.4317253720567149 0.9994986868196821 0.44009484630156004
1 0.9861219531347901 0.4925942756555888 0.9726775523195547 0.48408792650918636 0.9801433728585943 0.48270307882077174 0.9667251713877547 0.4625402545036448 0.9462761095200058 0.43362752529417964 0.9349412977079218 0.41841029939446117 0.9424232600679071 0.41422556227203866 0.9611636183950675 0.41879073004195416 0.9702382827806483 0.43514924788415155
1 0.983758412012895 0.547122660723032 0.9691429439800918 0.5233457684743659 0.9441367570845108 0.48758528761002745 0.9067672484691685 0.43324709464668665 0.8966983047203712 0.419932021984433 0.9017645324687763 0.4157472848620104 0.9135504462439368 0.41802986874696824 0.921633586761559 0.42563848169682744 0.9324224656782448 0.44275786083401075 0.9546437428345949 0.47433360457592655 0.9648682737684694 0.48878996918065915 0.9761186995271646 0.503880392604428 0.9864408168886193 0.5175758959141745
1 0.9509457630530719 0.5286717975392673 0.9136316555648613 0.47350935365278785 0.8919747263913222 0.4445966244433227 0.8742525735053078 0.41796647911881535 0.8826496438883423 0.4160643258813506 0.8963449450497684 0.41758604847132247 0.9012316595351675 0.4312815517810691 0.9118861218494471 0.4400314566734072 0.992055140473091 0.5577747188528348
1 0.9006486001876479 0.45309290116411755 0.9051661395453967 0.46260366735144165 0.9128009335952008 0.47135357224377966 0.9207469020151591 0.4823860610210756 0.9234816407929708 0.49284790382713206 0.9309028469002013 0.4985543635395265 0.929908567536985 0.5015978087194702 0.9388884009902435 0.5069238377843717 0.940776617793838 0.513391158791752 0.9454893300067474 0.5213802023891042 0.9538418288571222 0.5273950131233596 0.9592398764304118 0.5365974282888227 0.9740083474704179 0.5587892315390081 0.9799077564064463 0.5740064574387266 0.9889640057046143 0.5857998075110085 0.9993257087361528 0.5968322962883043 0.965940710680057 0.5820588906642317 0.943943606757616 0.5499125009510764 0.91902442099828 0.5170052499429352 0.8754785596212158 0.4515711785741457 0.862255531005537 0.4298866316670469 0.8561213635442638 0.41885414288975104 0.8703045968435918 0.4165715590047932 0.8860225314110185 0.43293007684699053
1 0.8838464892130997 0.46323772617047787 0.9219333024609834 0.5186537750088566 0.9314958989844659 0.5312079863761243 0.9415068419757666 0.5426209058009132 0.9393046953067601 0.545664350980857 0.9496400130424064 0.558472190519668 0.9627866258131758 0.5736894164193864 0.9744220267040782 0.5948033173552458 0.9843485681894995 0.606089411084441 0.9928008838347722 0.6178827611567228 0.9956226237488285 0.6311978338189765 0.9941877027539603 0.6580816305346712 0.9521212973827564 0.5975931575832902 0.9120776658299552 0.5374217024316055 0.8742308103680466 0.4832737247920112 0.8574633511751649 0.45626314882001084 0.8351144041198973 0.43077427821522307 0.8347621275418834 0.42215121624123797 0.8485946008009736 0.4202490630037732 0.8607101040337006 0.42937939854360424 0.8705654598399245 0.4396510260259142 0.8773035609540926 0.4506835148032101
1 0.996415782576671 0.6968221205115124 0.9419570860119396 0.6168049052816847 0.8653720527306005 0.5017246111954198 0.8382428905061803 0.46368154644612364 0.8139382236910746 0.4271602042867993 0.81436815507148 0.4214537445744049 0.8206026644555915 0.419932021984433 0.8292133227811996 0.4210733139269119 0.8359910095654512 0.4294427881717571 0.8522732921156894 0.44846432054640517 0.9241033969786884 0.5554921349678771 0.998800198003942 0.6641050848271177
1 0.825679196670528 0.44117274861588607 0.8263199604982486 0.4503030841557172 0.8353973803790876 0.4548682519256327 0.8379053308401342 0.46317431332268105 0.845598125647435 0.47382637145248396 0.8531749189397426 0.4806741231073573 0.859406672828596 0.4909457505896672 0.8657360131450297 0.5004565167769913 0.8707994853981766 0.5080651297268506 0.8766224784892958 0.5168150346191887 0.9014598932780993 0.5523219105316278 0.90794482077961 0.5629739686614307 0.9175581887280235 0.5707020997375328 0.9183961245777584 0.5795860914555273 0.9242191176688775 0.5883359963478655 0.9401822401879911 0.6114154401493425 0.9586613142816126 0.6364604732557251 0.9651066561130395 0.6497755459179788 0.9757795335147319 0.6630906185802324 0.9873411181910903 0.680463602669315 0.9469938766918994 0.655228400678474 0.8933104855172059 0.5781911945611492 0.7932831228520256 0.43242284372354794 0.7902266244127245 0.42329250818371683 0.7912209037759413 0.4202490630037732 0.8038059240591574 0.4210099242987591 0.8140912112457864 0.4255750920686746 0.8189595106437728 0.4347054276085057
1 0.8724896179864595 0.5423672776293699 0.8818174559846975 0.5591062261190602 0.8938142022071734 0.5762256052562436 0.9144188512599991 0.6062796264081874 0.9278766384009224 0.6237794361928637 0.9384651452017171 0.6369677295988118 0.9455724214435358 0.6521849554985303 0.9624374670639978 0.6784346701755447 0.9772191230257046 0.6997387864351505 0.9862885572455729 0.7106444495168527 0.9964709028789985 0.7250374244934324 0.9968818266174007 0.772844860381952 0.9891522016352743 0.753062466712318 0.9813434053129801 0.7386061021075854 0.9552085224517766 0.6975195921783456 0.9379557307513582 0.6770397268418784 0.8957601389434606 0.6136346344061475 0.8656508941246488 0.5729285551244006 0.8398139852594075 0.535012292851054 0.8150741723506755 0.498744578863273 0.8014212123545913 0.48276649166856855 0.7661301855972582 0.42650918635170604 0.7694080911400302 0.4192345735372439 0.7806876576898759 0.42075629612721577 0.7874469293867149 0.4245606026021454 0.7986657396838059 0.4359735220269343 0.8175877896671312 0.46894418588287234 0.8511438786355654 0.5157371555245066
1 0.9249441722858198 0.6537066780885021 0.9307275797068552 0.665119597513291 0.9440297796627013 0.6814781153554883 0.9733241025164096 0.721867153617895 0.9751147328924239 0.7290953359202614 0.9777624705339906 0.7367039488701206 0.9980771157993334 0.7572472038347406 0.9951918641372638 0.7656166780795857 0.9761587465273626 0.7633340941946279 0.9696922341132648 0.7572472038347406 0.9640248282072226 0.7496385908848814 0.9085560368222271 0.6708260572256853 0.8569350051360197 0.5914428543756061 0.7983331436019206 0.511552418402084 0.7465987254835764 0.43109133645732256 0.7415352532304295 0.4234827235074634 0.7435818127143593 0.4192979863850408 0.7526408175077854 0.4192979863850408 0.7619134102437852 0.42234143156498444 0.7698989643338271 0.4307109058098296 0.8022366007051358 0.48111796660264705 0.8385221982856694 0.5329199242898427 0.8749185981204661 0.5830733801307608 0.8919208158385925 0.6058992189803386 0.9093054090585608 0.6320221311814033 0.9169006174382813 0.6434350506061921
1 0.9368112644769225 0.7114687004399914 0.9495623322766402 0.7242765631984466 0.960040036823172 0.7391133584506719 0.9632653073692505 0.7484972989424025 0.9681731924373206 0.7549646199497827 0.9938488627145665 0.8298460678777434 0.9590928611963304 0.7767125564850343 0.9196135930788316 0.7192041390854443 0.8825816595820264 0.6653732024651903 0.8447032041110043 0.60754774404626 0.8039316671818355 0.5499125009510764 0.7642414107521283 0.4920870425321461 0.7276156229702013 0.4370514011216163 0.7140206637316138 0.4229754671643768 0.7209962788662847 0.41802986874696824 0.7359574480909974 0.4214537445744049 0.7490064744341863 0.43743183176910927 0.7921857757664561 0.5014075933957237 0.8433084304358279 0.5736894164193864 0.8868358767254794 0.6345583200182604 0.9304239234029924 0.7000557810152026
1 0.7315952150935218 0.4421238252346185 0.7337366055097738 0.4489715768894918 0.7448578293792844 0.46114535760926656 0.7522974505739278 0.47141698509157653 0.7547896010304176 0.4778843060989569 0.7600482461387252 0.4839711964588443 0.762540396595215 0.49043851746622463 0.7700776042174389 0.4999492836535487 0.7794160275070126 0.5130741409920558 0.7915683609145653 0.5313348120717181 0.8016742752505905 0.5392604428212734 0.8006984109747867 0.5468690557711327 0.8058014688980175 0.5518146541885411 0.8111181147638218 0.5598036977858933 0.816785520669864 0.5674123107357526 0.8240115539219336 0.5746404930381188 0.8292306133601578 0.583390397930457 0.8424536419758364 0.6050749448375558 0.8605265549020887 0.6313246595145702 0.8843248744918796 0.6670851403789085 0.9540399742345189 0.7654898523839921 0.9901752147956877 0.8216033728892038 0.9999431327759697 0.8725810796532608 0.9869336921028644 0.8539399779261057 0.9748393594528082 0.8375814600839083 0.965218762171829 0.8231250954791758 0.9310509097544222 0.7681528669164428 0.8907751347592326 0.7148925762674281 0.8600409415697478 0.6668949250551621 0.7871665267945149 0.5546678840447383 0.7616724077610318 0.5227117096553295 0.7067363488972432 0.4428846865296044 0.6904356512595925 0.4192979863850408 0.7063330990900253 0.41777626379506894 0.7201444017664446 0.4231022928599704 0.7252078740195915 0.4307109058098296
1 0.7133188628263343 0.4527758833644214 0.7238941538004464 0.46685181732166103 0.733274762390469 0.480040064288321 0.7435151087813912 0.4963351925023656 0.7520070100967478 0.5054655280421966 0.7624451289731956 0.5229653378268728 0.7762536761543566 0.5400847169640561 0.7820476534142363 0.5478835220180178 0.786857952054726 0.5551117043203841 0.7914150770825583 0.5619594559752574 0.7991842877347686 0.5790788351124407 0.8079557634111658 0.5868142737578936 0.816368493386355 0.6012706383626262 0.8233333673647972 0.6144588853292862 0.8380386074815945 0.6292956805815116 0.8422053867991053 0.6391868774163287 0.869276548266029 0.67532778892816 0.8697749407353553 0.6824291919742208 0.8801972441547555 0.6980902381495849 0.8901527860189248 0.7103274084975125 0.8964821263353585 0.7198381746848367 0.9062978964714986 0.7327728166995974 0.9132891711983239 0.7441857361243861 0.9195605107572611 0.7517943490742454 0.9288119329105897 0.7620659765565553 0.9320372343616505 0.7714499634875738 0.9441470036042058 0.7816601049868767 0.9407321383282452 0.7872378353585316 0.9504134918619793 0.7918030031284472 0.9484249331355461 0.7978898934883347 0.9610783836027015 0.8114585711024876 0.9657119244754431 0.8247736437647413 0.9777086706979188 0.8418930229019245 0.998703665461066 0.8689035988739248 0.9864878203055003 0.8723274747013614 0.971779824693445 0.8692840295214177 0.9579528624248711 0.847599482614319 0.9342521292626605 0.8110781404549946 0.8070059881539592 0.6216870676316525 0.7425047176838316 0.526579405758412 0.7108580161016629 0.47902557482179176 0.6918304094822779 0.4531562907922703 0.6785678106490063 0.43413478163726626 0.6786469819891738 0.4288087525723648 0.6668242380391879 0.41739583314757595 0.6807147120557746 0.41739583314757595 0.6910395849124876 0.4192979863850408 0.7093076706939005 0.4440259784720833
1 0.6776975030092625 0.43464201476070885 0.6873972716304092 0.44377235030053996 0.6934470530382933 0.45467803660188627 0.7026984751916222 0.4649496640841962 0.7054042135906855 0.47446043027152024 0.7140912877612029 0.4820690432213795 0.7222904297938183 0.4934819626461683 0.736156977732476 0.5125034950208164 0.7450760549329798 0.5277207209205349 0.7503531151287005 0.5383727790503379 0.7559625202772459 0.5440792387627322 0.7613503518222474 0.5530827486069696 0.770193013177842 0.5618326534993078 0.7740486181251989 0.569441266449167 0.7791305054657585 0.5816150471689417 0.7865121259029055 0.589984521413787 0.7954707887734931 0.6025387327810547 0.8139498474146235 0.6275837426677934 0.8190713204252672 0.6370945088551174 0.8235888597830157 0.6466052750424415 0.8365112993198759 0.6623931469133993 0.8443596813122537 0.6741864969856812 0.849496969779945 0.6855360267823172 0.8575985253849804 0.6977098075020921 0.8680842155924824 0.7062061074425309 0.8758930119147764 0.7206624720472633 0.8820087642886366 0.7271297930546438 0.8838389803347345 0.7316949608245592 0.8888048661603013 0.7400644350694044 0.8986548359359198 0.7594029620241046 0.9112951014813746 0.7738593266288372 0.9357975716869879 0.8115853967980812 0.9528577901626107 0.8363133888851239 0.9638998426919537 0.8538131986698001 0.9711178902830533 0.867381876283953 0.9881808642539341 0.8803165182987136 0.980013041405628 0.9016206345583195 0.9610195094658105 0.8966750361409109 0.9438248743877816 0.8635775698090233 0.9192670339600186 0.826675797002206 0.8363420905234011 0.7056988510994442 0.8090679264052395 0.662900403256486 0.7671834935150047 0.6017778714860688 0.7455925507599329 0.5684268002022818 0.7316495869763658 0.5429379468202534 0.6462772934665637 0.4182834969185115 0.638858842854591 0.40078368713383533 0.6576387868518351 0.4026858403713001 0.6712337460904225 0.4167617743285397 0.6813026898392199 0.43007684699079335
1 0.7116801907607446 0.5456009613527041 0.7010916994124409 0.5324126911664001 0.6977240266029859 0.5209997717416112 0.6872067363863704 0.5088259910218365 0.680215461659545 0.49741307159704756 0.672074320384426 0.48790230540972357 0.6707584217721222 0.47775748040336324 0.659091265007213 0.46748585292105327 0.6589172627347233 0.4617793932086588 0.6524111646505415 0.45835551738122216 0.6537562040539959 0.4549316415537855 0.6478620252836796 0.44516727041456217 0.6435184881984208 0.44136296393963254 0.6380462551475397 0.43223262839980153 0.6239449486836374 0.41739583314757595 0.6358284488863784 0.4189175557375478 0.6497769236604616 0.42081970897501264 0.7201591879792048 0.526579428978056 0.7343764959581002 0.5452205307052111 0.743944307194804 0.56322757361333 0.7258262976079517 0.56322757361333 0.7157177681890706 0.552575515483527
1 0.6511400818740337 0.45100053260290623 0.6537878195156003 0.4586091455527655 0.6611694399527471 0.46697861979761063 0.6728681967267697 0.4809277280592566 0.6725938525314414 0.4877754797141299 0.680592622448166 0.4952573134076835 0.6884990051980403 0.5089528167174301 0.6939712382489218 0.5180831522572612 0.6984465614012393 0.5275304823771444 0.7030036864290717 0.5343782340320178 0.7132098022755332 0.5442694308668348 0.7137925653457572 0.551497613169201 0.7232971611117435 0.562149671299004 0.7425911571704683 0.5875117454247267 0.7542015322092337 0.6058070866141733 0.7706617972613387 0.6260620200778215 0.7998795793102266 0.6745035380050213 0.8109348167612701 0.691115660799118 0.8242798720526717 0.7091535433070866 0.8389474869996258 0.727763828654036 0.8401172685163012 0.7349081364829396 0.8512554075922556 0.747165791676177 0.8550971968912983 0.7632874015748031 0.86605287901101 0.7703086715450949 0.9081772851397105 0.8326992977339406 0.948094314433692 0.8926805143422349 0.9498849448097063 0.8999086966446013 0.940377593548462 0.9010499885870801 0.9296043742239309 0.9002891272920941 0.9068767498422662 0.8679525222551925 0.8566376031868299 0.7942758023371514 0.790659476341207 0.6969489462071061 0.7587912011554944 0.6526921654023289 0.7569029843518997 0.6462248443949485 0.7234444818110458 0.5986710134583283 0.7100342660011767 0.5721676938294146 0.690967073711708 0.5489614243323439 0.6781923915638474 0.5261355854827663 0.6580571191491086 0.5022318675385065 0.6318642355304083 0.45924320437180177 0.6197514877929394 0.4383195187596889 0.6069160493923239 0.42538487674492814 0.6086514345060998 0.4189175557375478 0.6167953312764768 0.41663497185259 0.6270226177056095 0.4192979863850408 0.6367935720059534 0.4294427881717571 0.6449347132810724 0.4389535543590811 0.641622285733856 0.4412361382440389 0.6468229300846671 0.4454208753664615
1 0.6520865090813918 0.4860001521722587 0.6560977012138257 0.49475005706459685 0.6619786950624414 0.5054021151943998 0.6691651426444274 0.5152933120292168 0.6828181026405117 0.5312713992239212 0.6925679018106757 0.5486444065326478 0.7064080490009502 0.569441266449167 0.7150871529629882 0.583390397930457 0.7176373041769746 0.5917598721753021 0.7246233487380878 0.5977199368395958 0.7295496488935704 0.6087524256168918 0.7412880222426587 0.620038565785375 0.7496743514694646 0.6362702579319787 0.7560432774559823 0.643118009586852 0.761855685255766 0.6554820056303733 0.7721778026172205 0.6691775089401198 0.7753318874841019 0.677546983184965 0.7913029956641859 0.6942859316746552 0.7950610141839625 0.7026554059195005 0.8095446806972156 0.720789251303569 0.8168867154642787 0.7318217400808649 0.8228652957404748 0.7417129369156819 0.8301545599157536 0.7562961272160081 0.8464368424659916 0.7753176595906562 0.8546939852561037 0.78863273225291 0.8655540498519866 0.8067665776369785 0.8757205800283643 0.8193207890042461 0.8824138962117184 0.8275634839927857 0.8865226747717326 0.8355525275901379 0.8905289915545846 0.8423556430446194 0.9064258037440828 0.8663674100370677 0.9161598051188877 0.875 0.9193904285813921 0.8822186715361785 0.9217269918528047 0.8875447006010799 0.9286206801520497 0.8997184813208547 0.9143398604251416 0.9027619265007985 0.9032370516430438 0.8951533135509392 0.8928041629323081 0.8831063585267581 0.8196949896318306 0.7750640546387569 0.8083417627323338 0.755281660969123 0.7842506838598017 0.7218037639897422 0.7466280016318019 0.6670851403789085 0.6006918290222528 0.4523320398691316 0.5845283034822661 0.4253214638971313 0.5849582348626716 0.4196150041847369 0.5892925759019314 0.41748687664041995 0.6028230708368665 0.4192345735372439 0.6158140964225588 0.4333105074944835 0.6424843268878255 0.47610895533744174
1 0.8095206296593755 0.7543305843503905 0.8200299342150207 0.772844860381952 0.8321954525442741 0.7902178444710345 0.836923980214231 0.8000456516776987 0.8480452040837415 0.8122194323974735 0.8632066204644343 0.8340941946283189 0.8753879542507353 0.8533059423267134 0.8773737574819104 0.8590124020391078 0.8853593115719524 0.867381876283953 0.8926617606689317 0.8810773795936996 0.9044449189488338 0.8951533135509392 0.9083981103237713 0.9020010652058125 0.888117539737996 0.9023814958533055 0.8739582325165972 0.8856425473636151 0.862396647840239 0.8682695632745325 0.8372216579328983 0.8322554310190068 0.8295552638739806 0.8198280453473327 0.806898825171513 0.7885059065573162 0.7758428723205387 0.7418397626112756 0.726149658560501 0.6662608894557699 0.6964887602095071 0.624413518231544 0.6448861281582218 0.5495954599317362 0.6298908842539418 0.5252478984921867 0.6143893085768378 0.5001394989772951 0.5994836808916585 0.4813715947741904 0.5881752543754665 0.46437901811295673 0.5839504743004592 0.45258566804067496 0.5721857311079698 0.44307490185335086 0.566499910114515 0.4309011211335761 0.5625283036521649 0.41948820170878726 0.5717824813007517 0.41796647911881535 0.5858073719197446 0.4263359533636606 0.5948636212179125 0.43812930343594236 0.6011533758642625 0.4503030841557172 0.6506462020559183 0.5219508483603437 0.6728858942996813 0.558091759872175 0.6987623733825152 0.5933449843934268 0.7290456204738168 0.6397575233875681 0.732843224663677 0.6454639830999626 0.7316247720665514 0.6490780742511457 0.7385396309484674 0.6540236726685542 0.7430571703062161 0.6635344388558783 0.7712808288567802 0.7004996477301364 0.7939266513629304 0.735435831232048
1 0.5415989835776984 0.41707879212823584 0.5565997384724952 0.4178396534232217 0.5627550765164391 0.42164395989815134 0.5714393951916984 0.44104592292029243 0.587605676226943 0.45626314882001084 0.5935050851629716 0.47148037471972937 0.6116623995951035 0.49785691509233737 0.6221796898117188 0.5100306958121121 0.6292289652960411 0.5233457684743659 0.6627058829243079 0.5754647671809016 0.6986117355383463 0.6266961021165017 0.7113020161803273 0.6493951152704859 0.7340138251049445 0.6798929566980756 0.7361394309691308 0.6849019911829249 0.7436766385913546 0.694412757370249 0.7615095628266499 0.7193943544091908 0.7961231620815099 0.7704988868688414 0.826419594094512 0.8160237388724032 0.8599044973837493 0.8618022422671522 0.8809179072343092 0.893377986009068 0.8868384867530085 0.9013670296064202 0.8742718815572051 0.9051713360813499 0.8585327764071076 0.8960410005415187 0.846944790982366 0.8804433439943073 0.8401486891107013 0.8675087019795465 0.8297474004090791 0.8591392277347015 0.8264245125304382 0.850516102098669 0.7837357584189263 0.7854624613773725 0.7145507761146378 0.6833168325255122 0.6781121909793925 0.6330999870564413 0.6468558351075451 0.5825027109398774 0.5759698386463433 0.4787085570220956 0.5373318623373493 0.41974180666068656
1 0.8288741968616747 0.8859595883829553 0.8207330555865558 0.8764488221956312 0.8190980123956185 0.8703619318357438 0.8114236326757305 0.8642750414758564 0.8097305887272966 0.8562859978785043 0.7960380430611288 0.8429709252162505 0.790489394165338 0.8273732686690392 0.7758237397186246 0.8098734588843629 0.7701775043952535 0.7950366636321374 0.7556278514635331 0.7813411603223908 0.7529221130644698 0.7718303941350667 0.731420771076008 0.7440589568680805 0.7160615513048075 0.7209794666273155 0.7140177473161359 0.7133708536774562 0.7039646190243862 0.7018945446245145 0.6587915442524621 0.6385528418169364 0.6360059191133006 0.6043140835425699 0.6225297168849645 0.5822491059879781 0.6106621725516734 0.5680463695547888 0.6031487351424857 0.5540338252257021 0.5562588462090915 0.48720485696253446 0.5146803729757895 0.4229120775362239 0.5172728653551177 0.4168251871763365 0.529253951985439 0.41758604847132247 0.5392860655594108 0.421770785593745 0.5786967476280777 0.4809911409070534 0.5956751951331678 0.5083187578983939 0.6205943808925038 0.541226008906535 0.6320478093024372 0.5629739686614307 0.6668697663341584 0.6116690915405298 0.6805595565050682 0.6367775142750653 0.7003018681266291 0.6609982500190211 0.718055621021757 0.6913058761228645 0.7412711775413238 0.7198381746848367 0.7805710882607094 0.7807070782837104 0.800186843980924 0.8047376451432079 0.8012759542764627 0.8127266887405601 0.8215298432890508 0.843161140539997 0.8597142429645145 0.8978163280833898 0.8594398987691861 0.9046640797382632 0.8362768320165996 0.9016206345583195 0.8353433089061378 0.8947728829034463
1 0.6245999061695282 0.5880823681763221 0.6283975103593884 0.5937888278887166 0.6337141562251927 0.6017778714860688 0.6422060575405495 0.6109082070258999 0.6447562087545359 0.619277681270745 0.6532744953657849 0.626632666049061 0.6606165301328477 0.6376651548263568 0.6673546312470158 0.6486976436036528 0.6755537732796314 0.6601105630284415 0.6829933944742751 0.6703821905107515 0.691134535749394 0.6798929566980756 0.6985082014305526 0.6946029726939955 0.7090386765688685 0.7058890664231907 0.7179577537693724 0.7211062923229091 0.726001308616911 0.7313779198052192 0.7327078097219657 0.738732927803179 0.7362706553865814 0.748624124637996 0.7442962518681777 0.7541010498687664 0.748306987279141 0.7630804892427285 0.7515032574464713 0.7715133531157266 0.7584365314158003 0.7810241193030507 0.7640617520213931 0.7885693426247571 0.7710926124183025 0.7973192475170953 0.7749482173656593 0.8049278604669545 0.7807712104567784 0.8136777653592926 0.7864202012754078 0.8167212105392362 0.7864386163628205 0.8212863783091519 0.7918264479078218 0.8302898881533891 0.7979447999120471 0.8394836133213731 0.8074678107654463 0.8547008392210916 0.8146858892615279 0.8682695632745325 0.8242484857850104 0.8808237746418003 0.8408999434628989 0.904030044138871 0.8276134030992073 0.904030044138871 0.8153791428562288 0.9028887521963922 0.771171347068773 0.8355525275901379 0.6265036421528756 0.6254279844784293 0.5541381896858134 0.516688232143239 0.4874269427506018 0.4164447565288436 0.4924437740459589 0.4132217847769029 0.5045744431872735 0.41498642356702453 0.5140026231083502 0.41917116068944715 0.6144149609057377 0.5709629890391389 0.6238219702441434 0.5823759084639277
1 0.4908552159479184 0.4324862333517008 0.4999326358287573 0.4370514011216163 0.5118713812937367 0.4522686270213348 0.5245880626841006 0.4731923126334477 0.5136776712619056 0.4758553271658984 0.4987165020371927 0.47243145133846176 0.47891095949242274 0.4408557075965459 0.4753665289152199 0.4355296785316444 0.4789717157451775 0.4309645107617289
1 0.945052442209659 0.43178878490451167 0.9357798494736593 0.428745339724568 0.9264860861549885 0.43293007684699053 0.9297957582069469 0.44244084303431463 0.9381320723372267 0.4504298866316668 0.9409933979213669 0.46108194476146974 0.9555430508530873 0.47477744807121636 0.9612684575166258 0.4842882142585404 0.995779240178193 0.5307007532526817 0.9945742687800632 0.5043876257278705 0.9836482177657132 0.49069212241812393 0.9765013558538108 0.4781379110508562 0.9675242778958104 0.4610185319136729 0.9549420131078523 0.44846432054640517 0.9543592500376282 0.4412361382440389
