1 0.02171715026274203 0.03464870067372473 0.016616205025389668 0.02791145332050048 0.0016775849963540429 0.0301572024382419 0.008325216869618254 0.05165222970805262
1 0.039464616759953546 0.059031119666345847 0.05435257552153446 0.04266923323708694 0.05636699322983249 0.03496952197625922 0.030240907527478888 0.036252807186397173 0.00483695566201266 0.04908565928777671
1 0.0028868907067080654 0.10105871029836382 0.012438942267515867 0.1257619505935194 0.029370346349313774 0.1071543150465191 0.07719414151332897 0.05871029836381136 0.0959208856799982 0.03721527109400064 0.08544870810079824 0.032723772858517804 0.06705085447607596 0.03785691369906962 0.046682398667741015 0.04972730189284569 0.01808155814108636 0.07795957651588066
1 0.024962507336929843 0.10651267244145012 0.01861309375285218 0.11806223933269169 0.00958408742019933 0.17324350336862368 0.1226740802134853 0.05261469361565608 0.13481809347349763 0.0356111645813282 0.11772676341933855 0.03336541546358678 0.0959208856799982 0.03721527109400064 0.06936349047356057 0.06320179659929419 0.04976837798318151 0.08245107475136348
1 0.038747135811380215 0.13570741097208855 0.017669141224468925 0.2027590632017966 0.047685770026593244 0.17388514597369265 0.09951621873805491 0.11966634584536413 0.13612297240321933 0.08309271735643246 0.14428251398493472 0.06223933269169073 0.11611298296236412 0.0657683670195701 0.09248958326900286 0.082130253448829 0.05401464638236281 0.11709977542508823
1 0.03700026413950828 0.22585819698427975 0.0764459883119952 0.18479307025986524 0.10381314840469094 0.16843118383060635 0.09271331378074363 0.16554379210779596 0.1286195672645564 0.1260827718960539 0.1820774879185313 0.06961822264998396 0.21130598548993323 0.03978184151427655 0.20196506938255512 0.03176130895091434 0.16912480619948855 0.04042348411934552 0.14284454384031553 0.07250561437279435 0.011538805263817965 0.20949631055502085
1 0.04080043512183915 0.29162656400384984 0.08104907843781475 0.24510747513634906 0.14676767101309154 0.1751684311838306 0.24547330947187115 0.06897658004491498 0.2710747053052283 0.04266923323708694 0.26589352297488844 0.03464870067372473 0.24558367060400516 0.03914019890920757 0.22716363511013338 0.05389797882579403 0.19734390206228616 0.0875842155919153 0.13963122262551922 0.14918190567853706 0.11311024898738371 0.17741418030157202 0.08417367217601271 0.20692974013474494 0.05757246144488972 0.23387872954764197 0.017338606041680475 0.273981392364453 0.011733508163639743 0.28745588707090153
1 0.10664937784394427 0.25537375681745267 0.20556669996976734 0.1475777991658646 0.2606885141345575 0.09111324991979468 0.30827159801961024 0.03881937760667308 0.29609171140490964 0.03529034327879371 0.27349770243484695 0.0381777350016041 0.2556319326355044 0.06512672441450112 0.2322566381774887 0.082130253448829 0.019745718831305128 0.3124799486685916
1 0.24093292745820355 0.10779595765158806 0.2269133370203324 0.12640359319858838 0.2085297230947627 0.14340712223291627 0.18813908541727817 0.16490214950272697 0.17611173081855555 0.18543471286493424 0.160070876929617 0.19666345845364133 0.15939201040380105 0.2024382418992621 0.1414391577687016 0.21302534488290023 0.13379800852682713 0.22553737568174526 0.12032583804071582 0.2412576195059352 0.10286919587630768 0.2531280076997113 0.08735358006997943 0.27109400064164263 0.047944277465794695 0.3144048764837985 0.027867194203876837 0.3442412576195059 0.0047690325931258664 0.3673403914019891 0.044345106912441166 0.3599615014436959 0.10239352263392447 0.29708052614693614 0.1660612759326011 0.232595444337504 0.2825376591849694 0.10458774462624318 0.318991332620542 0.06223933269169073 0.33647015665409985 0.04074430542188001 0.31559864463230414 0.036252807186397173 0.2789190478305354 0.068334937439846
1 0.26056336508965705 0.12736605710619184 0.1602302546883643 0.2358036573628489 0.1356724892774583 0.2605068976580045 0.11178619643598495 0.28264356753288417 0.11289527603865723 0.28873917228103946 0.0872136431123126 0.31376323387872956 0.0550733318969838 0.343599615014437 0.021867208390054283 0.38466474173885146 0.05517410621827946 0.39011870388193776 0.16201710438962486 0.27269810715431503 0.261262768843781 0.16682707731793392 0.30776580073808046 0.11389156239974334 0.36174895947466557 0.06416426050689766 0.36848531882452806 0.04716073147256978 0.3478619120380781 0.04331087584215592 0.32194696178915416 0.061276868784087266 0.2985642733747554 0.08148861084376002 0.27983752920808613 0.10298363811357074
1 0.05774908715026218 0.4279756175810074 0.262677460692023 0.2027590632017966 0.3333148906631414 0.12832852101379533 0.3984132201500541 0.05678537054860443 0.401266978570143 0.04587744626243183 0.3929549049724496 0.04266923323708694 0.37801628494341394 0.04491498235482836 0.36146443267101774 0.061276868784087266 0.3217779972195684 0.0984921398780879 0.12990582078621504 0.30798845043310874
1 0.3691483010103499 0.08437600256657042 0.3615361793803944 0.10234199550850176 0.34408693117236944 0.11100417067693295 0.3341906529432344 0.12736605710619184 0.31396788340810805 0.1482194417709336 0.29713150433206403 0.1616939364773821 0.27986436396554976 0.18158485723452036 0.26293295988375187 0.20019249278152068 0.24921268416229497 0.21527109400064165 0.233740883880652 0.2322746230349695 0.16860613282543727 0.301572024382419 0.15087920355653386 0.3224254090471607 0.12979545965408087 0.33782483156881615 0.12193523278877967 0.3551491819056785 0.10646343250713677 0.3721527109400064 0.06447065858735831 0.41738851459736925 0.0171868894187198 0.4661533525826115 0.021885552763907058 0.5030478023740776 0.16324804375551458 0.35226179018286813 0.42704938581778323 0.06737247353224254 0.438821241224777 0.0494064805903112 0.4393760551329201 0.04331087584215592 0.418781675958389 0.04491498235482836 0.3989606401018139 0.05389797882579403 0.3849848651886281 0.07154315046519089
1 0.2218950889098263 0.2823227462303497 0.19503098503059121 0.3150465190888675 0.16383927923195976 0.3484119345524543 0.10916986001317557 0.40712223291626565 0.0754384984236358 0.4414501122874559 0.04917302397722912 0.46711581649021494 0.026600100449088348 0.49695219762592235 0.02091366905083252 0.5457170356111646 0.1338870031828289 0.4215591915303176 0.21127503220296243 0.3419955085017645 0.2795406745255307 0.2678857876162977 0.344887109247789 0.1969842797561758 0.37848702426327274 0.16554379210779596 0.4749961371722436 0.05582290664100096 0.474821423287116 0.04138594802694899 0.4559711747163878 0.04427333974975938 0.4423095024323826 0.0519730510105871 0.41634334270239015 0.0741097208854668 0.36224297709090153 0.13859480269489893 0.2753018000827326 0.2300288739172281
1 0.05849860395822705 0.49983958934873274 0.0409759643999839 0.522297080526147 0.008040127997549688 0.5543792107795957 0.07235607556928163 0.533525826114854 0.21156585653576568 0.3782483156881617 0.36246670760264244 0.2220083413538659 0.5028879871339356 0.06448508180943215 0.5163163420953616 0.04972730189284569 0.5161268402974676 0.04170676932948348 0.5015677720778338 0.04170676932948348 0.48466594382156863 0.04748155277510427 0.4660342246606533 0.06384343920436317 0.37807844484195213 0.16233557908245108 0.2829196710282299 0.26371511068334935 0.18901621130400223 0.3618864292589028 0.1455274120157667 0.40648059031119665 0.09911201117083795 0.45749117741418033 0.07867755796866806 0.47994866859159446
1 0.019933294954147168 0.6281681103625281 0.11776317113283377 0.5229387231312159 0.21956327929066471 0.40968880333654156 0.32618719983858335 0.29708052614693614 0.4308991216403411 0.18383060635226178 0.5286925762507255 0.0763554700032082 0.5608693090343565 0.04876483798524222 0.5529879967271333 0.03914019890920757 0.526474965258995 0.04587744626243183 0.4944148911366536 0.07699711260827719 0.37973384796915666 0.20211742059672763 0.24600511226304028 0.343599615014437 0.13312680313679778 0.4626243182547321 0.016650419884429415 0.590632017965993
1 0.5188110859343569 0.08630093038177734 0.5105860951724205 0.09945460378569138 0.48411633101535345 0.12351620147577799 0.4647693237603201 0.14340712223291627 0.456004307003007 0.1562399743342958 0.4435393453710447 0.16811036252807188 0.4350662493737626 0.1806223933269169 0.4160549784034456 0.19923002887391722 0.391869370845558 0.2248957330766763 0.35917424572208617 0.26082771896053897 0.33725855506422553 0.2762271414821944 0.3333975877899876 0.2909849213987809 0.3217281513451309 0.3006095604748155 0.30742403410361197 0.3163298042990055 0.29316373238677845 0.3310875842155919 0.2762835377860491 0.3455245428296439 0.26164368425981377 0.3625280718639718 0.22519001082424114 0.4048764837985242 0.17723476908616992 0.45620789220404234 0.11359604339941227 0.5261469361565608 0.06941249324536677 0.6195059351940969 0.15257348828589914 0.5258261148540263 0.34933547450317526 0.30638434392043634 0.4129155967524812 0.2438241899262111 0.5579928205315041 0.0875842155919153 0.6009854093490484 0.04170676932948348 0.5768663473986096 0.03849855630413859 0.5505940272094336 0.04908565928777671 0.5371656722480077 0.06384343920436317
1 0.5401856541696133 0.1071543150465191 0.5137084960561631 0.1344241257619506 0.4888149943605407 0.16041065126724416 0.4611627592505834 0.1921719602181585 0.441071436289513 0.21013795316008982 0.41179172923704255 0.2441450112287456 0.37739628903445327 0.27783124799486686 0.36284406655758866 0.2929098492139878 0.34999955311622477 0.3070259865255053 0.33773888119492285 0.3205004812319538 0.31249485530181775 0.35418671799807505 0.2933669256702111 0.369265319217196 0.2693417922982986 0.397497593840231 0.24889994513974545 0.4231632980429901 0.21484763517825572 0.4523580365736285 0.20107614997573023 0.4716073147256978 0.13186190223646468 0.5421880012832853 0.12608893621606593 0.5563041385948027 0.09835646401312102 0.5867821623355791 0.07355059336686944 0.6108437600256656 0.05661918928507144 0.629451395572666 0.0317695031141344 0.6544754571703562 0.012166996667372207 0.6769329483477703 0.2697492752923915 0.43727943535450753 0.4408512622388586 0.2515239011870388 0.5255082826478482 0.1584857234520372 0.5745435763766727 0.10779595765158806 0.6092383312956762 0.07058068655758742 0.6127561683288146 0.0603144048764838 0.6402621689519495 0.03785691369906962 0.6177996065559428 0.03785691369906962 0.599737489215937 0.04170676932948348 0.5530375615673604 0.08982996470965672
1 0.6104424359041023 0.07154315046519089 0.5882712460545129 0.08950914340712224 0.5710843427809861 0.11068334937439846 0.548533601121995 0.13089509143407121 0.5374258243280506 0.14950272698107153 0.5181738420787712 0.164260506897658 0.49690744212119353 0.1867179980750722 0.4609647670690786 0.22393326916907283 0.43618792403474593 0.25344882900224575 0.42012488827665784 0.2743022136669875 0.40699584803164607 0.2855309592556946 0.39177215298534884 0.30317613089509143 0.3717246455489638 0.3201796599294193 0.3596682633383222 0.33525826114854024 0.3430578076284742 0.3589990375360924 0.32525803522296654 0.3753609239653513 0.301948189945172 0.4000641642605069 0.25466442077653345 0.4488290022457491 0.2393969102055509 0.46743663779274947 0.22537731976767977 0.48604427333974976 0.19360916640536946 0.5168431183830606 0.17259087168313758 0.5399422521655438 0.15590017888030216 0.562399743342958 0.13429804263800835 0.5861405197305101 0.1116306423177274 0.6028232274623035 0.08885342907892638 0.6310555020853384 0.07455670579379063 0.6435675328841836 0.06804681802373796 0.6525505293551492 0.05440677939526864 0.6689124157844081 0.0245358368663529 0.7067693294834777 0.16271513068231072 0.6015399422521656 0.23695063477955497 0.5181264035931986 0.3475009717819327 0.39846005774783444 0.4059289393128177 0.3333333333333333 0.44647689734520746 0.28328521013795316 0.6724964087458045 0.03946102021174206 0.6963684618881253 0.005453962143086301 0.6652871172216278 0.008982996470965673 0.6335263578157008 0.03657362848893166 0.6078009093646708 0.06256015399422522
1 0.47674792891183293 0.288418350978505 0.5030134033582396 0.2627526467757459 0.5165003617571173 0.24061597690086622 0.5421381791587766 0.2165543792107796 0.5614487648455079 0.1944177093358999 0.5812919825712325 0.1758100737888996 0.590655628761374 0.15591915303176132 0.6165341574419959 0.13570741097208855 0.6206358359951962 0.12479948668591595 0.6338377193768122 0.11806223933269169 0.6341444280496097 0.11132499197946744 0.650411753518358 0.09207571382739814 0.6600377446429978 0.0846968238691049 0.675553360449326 0.06673083092717357 0.7084818028953771 0.03785691369906962 0.6883836341915375 0.04074430542188001 0.6649138629413817 0.04459416105229387 0.47662497272138776 0.2515239011870388 0.4407261131939582 0.287776708373436 0.41235858998988284 0.3230670516522297 0.44147672642915065 0.3230670516522297 0.4650272829859076 0.30221366698748797
1 0.6411505262903535 0.10362528071863972 0.6314659317282622 0.11838306063522618 0.6136661593227545 0.1347449470644851 0.5851091343207852 0.16201475777991659 0.580335983198152 0.1754892524863651 0.562331921081984 0.19024703240295154 0.5397663915102264 0.21687520051331408 0.524666749081602 0.23484119345524543 0.5109390794037619 0.2531280076997113 0.49867840748245995 0.2666025024061598 0.4753395345927465 0.2858517805582291 0.46915059519464386 0.2999679178697465 0.44643198539329443 0.3208213025344883 0.3970245338114515 0.37054860442733395 0.3655773288210911 0.40648059031119665 0.32467939480483243 0.44594161052293874 0.24355445112813387 0.5405838947706127 0.21377853360497198 0.5733076676291305 0.17958738311304306 0.6085980109079243 0.14285657683020583 0.6448508180943214 0.13583569067669543 0.6589669554058389 0.10924187390195567 0.6827077317933911 0.0915729998568901 0.7144690407443054 0.06891299349299257 0.727943535450754 0.0670579535434418 0.7747834456207893 0.24183085775263918 0.5845364132178377 0.32480919673804703 0.4979146615335258 0.3320343726022176 0.48540263073468076 0.41960320665513395 0.3923644529996792 0.46023879573689447 0.34039140198909207 0.5072232501891188 0.2951555983317292 0.5440564754340932 0.25056143727943536 0.5933324804418801 0.20372152710940006 0.6660719591706672 0.11966634584536413 0.7005260028107082 0.07860121912094963 0.7299513961363874 0.05357715752325955 0.7320608388504393 0.04074430542188001 0.7207567145158317 0.036252807186397173 0.7020669401310784 0.04170676932948348 0.6796840666144454 0.061276868784087266 0.6598408488887206 0.07988450433108758 0.6632414790469556 0.08437600256657042 0.6519077788868152 0.09271735643246712
1 0.6143291415085762 0.17196021815848572 0.6017691548708601 0.1889637471928136 0.5848741723573643 0.20981713185755535 0.5662350592400658 0.22938723131215913 0.5329270649846131 0.2605068976580045 0.504895278065254 0.2945139557266602 0.4678213415413172 0.33525826114854024 0.4438400236940899 0.3625280718639718 0.43394374546495496 0.3788899582932307 0.4184429175713931 0.3904395251844722 0.40304396042635454 0.41193455245428295 0.3758298805632506 0.4340712223291627 0.35108945909722006 0.465832531280077 0.33591697353199135 0.4793070259865255 0.3177666769290008 0.5033686236766122 0.2911654661978778 0.5303176130895092 0.2804372412133352 0.546679499518768 0.24275782951380068 0.5794032723772858 0.23078168439614646 0.5957651588065448 0.19492664039340224 0.6310555020853384 0.17507602871129443 0.6528713506576836 0.15839272986484215 0.672120628809753 0.1361555426214177 0.7006737247353224 0.09646910716996834 0.7378889958293231 0.07407144574056901 0.7638755213346167 0.04333213488794348 0.7994866859159449 0.018234343481660822 0.8238691049085659 0.0019744119692955858 0.8399101700352903 0.13989820659352448 0.737247353224254 0.17201688415331745 0.6987487969201155 0.23448053284356796 0.6333012512030799 0.33364596020473664 0.5261469361565608 0.7207619156177596 0.10619185113891562 0.7660170273789475 0.05325633622072506 0.7695786799367711 0.04202759063201797 0.7639303147476589 0.0381777350016041 0.7410443850175652 0.04138594802694899 0.7101155723670458 0.06897658004491498 0.636836067642882 0.1527109400064164
1 0.17085659506957668 0.6968238691049086 0.1407813628300006 0.7330766762913058 0.10858984213360333 0.7670837343599615 0.0939864101756702 0.7863330125120308 0.06780856677863427 0.8100737888995829 0.02773518556139999 0.8527430221366699 0.004869244846000654 0.9194738530638434 0.07046378480360463 0.8492139878087905 0.09181781581055284 0.8248315688161694 0.1504864946204003 0.7635547000320821 0.23339199046920386 0.6724414501122875 0.3671355140880865 0.5245428296438883 0.4444871215399179 0.44273339749759383 0.5805148017579799 0.2964388835418672 0.6219311281140795 0.2486365094642284 0.6645151375103031 0.19955085017645172 0.7019538379308752 0.16297722168752005 0.7323135969740989 0.12961180622393326 0.7475082644084773 0.10651267244145012 0.7731751094220556 0.0879050368944498 0.7906175118873111 0.06416426050689766 0.8049364170415965 0.04202759063201797 0.7916326629114572 0.03881937760667308 0.76301758268565 0.05518126403593199 0.7403353944526027 0.07828039781841514 0.7213531510942047 0.10234199550850176 0.5911638860767626 0.24222008341353865 0.5295612117538389 0.31312159127366057 0.46305448794783954 0.38209817131857554 0.3815647803745057 0.47256977863330124 0.3713475537734208 0.48379852422200836 0.37074892434059264 0.49085659287776706 0.35616767425180884 0.5004812319538018 0.3421480838139379 0.5190888675008021 0.2703503647590786 0.5915944818735964 0.2090031896278836 0.6599294193134424
1 0.8405132317698485 0.03721527109400064 0.8157591188182791 0.03881937760667308 0.8032213140497126 0.04619826756496631 0.775430238409316 0.08405518126403594 0.7387142200392453 0.11389156239974334 0.7182211633996236 0.14372794353545076 0.6706818950392562 0.19505935194096888 0.6450440776375967 0.2191209496310555 0.6243103097190128 0.24510747513634906 0.5331434015399706 0.34712864934231635 0.4391523107663724 0.44722489573307667 0.4030269796591328 0.49149823548283605 0.3445699845163288 0.5511709977542509 0.33760030784388695 0.5611164581328201 0.31858903687357004 0.5797240936798204 0.272553187838043 0.6284889316650626 0.18051791133529094 0.7282643567532884 0.09936394004667341 0.8174526788578762 0.013342340843282818 0.9069618222649984 0.020412791837020185 0.9435354507539301 0.04056271823554227 0.9181905678537055 0.06335417117349589 0.9018286814244466 0.07508221105580438 0.8848251523901187 0.18943491189496828 0.7577799165864614 0.3733814122827994 0.5579082451074752 0.4672848720070269 0.4597369265319217 0.553744626457271 0.3606031440487648 0.7411503604407887 0.15784408084696824 0.8454098872965404 0.04234841193455245
1 0.045721170483118814 0.9541225537375682 0.0655643882088434 0.9355149181905679 0.07220572255295214 0.9236445299967918 0.08883041796195264 0.9117741418030157 0.09731090791561792 0.8960538979788258 0.12885998365450155 0.8700673724735323 0.14868896168107365 0.8395893487327558 0.18491616353683643 0.8052614693615656 0.20453345789636504 0.7763875521334617 0.23749832191071826 0.7497593840230992 0.2486060987046626 0.7311517484760988 0.3028083350646744 0.6766121270452358 0.34367724146901407 0.6316971446904075 0.352821810035729 0.6166185434712865 0.3770000236372333 0.5941610522938723 0.49467311754164456 0.47032402951555985 0.5556845563881233 0.4032723772858518 0.5927220713437579 0.36028232274623034 0.6218629378657892 0.33237086942572985 0.6437643888244973 0.30510105871029836 0.7667358719341518 0.17452678857876164 0.8790889429777841 0.04876483798524222 0.8793666240386625 0.03657362848893166 0.8596041916195393 0.0381777350016041 0.8403669972830261 0.0465190888675008 0.7349836029118356 0.16233557908245108 0.6886046236352091 0.21559191530317612 0.6253528437142363 0.28007699711260825 0.5913950105448866 0.3224254090471607 0.5009507844163457 0.4177093358999038 0.4608626152863449 0.4667949951876805 0.41225068889160743 0.5142765479627848 0.36198910868520723 0.5736284889316651 0.3045393223965523 0.629451395572666 0.19790061393586722 0.7484760988129612 0.14945655568348784 0.7953160089829965 0.14222398586293403 0.8110362528071864 0.08821864525719936 0.8703881937760667 0.022272484674884938 0.984921398780879 0.028709529308333325 0.9714469040744306
1 0.5854166583865997 0.37151106833493747 0.5751994317855148 0.38273981392364453 0.5608953145439959 0.39846005774783444 0.5408039915829256 0.4164260506897658 0.5304917399760868 0.4327879371190247 0.5118235992468693 0.4469040744305422 0.4919729875647614 0.4687199230028874 0.4736622167757959 0.4902149502726981 0.45197984344051456 0.5126724414501123 0.43304880956318503 0.5325633622072505 0.41320559183746025 0.5511709977542509 0.39067648383400494 0.5800449149823548 0.36595824423712386 0.6021815848572345 0.3407654278250873 0.6316971446904075 0.3207105264323191 0.6519088867500802 0.30466227858699746 0.6663458453641322 0.29172274013987964 0.6855951235162014 0.2751418602555645 0.696503047802374 0.26228995285781737 0.7138273981392365 0.2508538337355398 0.7305101058710298 0.23309048289833428 0.7491177414180301 0.2188301811815008 0.7638755213346167 0.2012785140113387 0.7808790503689444 0.1899300259384319 0.795636830285531 0.174166304896758 0.8129611806223933 0.16308810392834644 0.8187359640680141 0.15949002980222057 0.8277189605389798 0.14468230813362715 0.8453641321783767 0.1283347455718913 0.8633301251203079 0.10201806164441608 0.8931665062560153 0.08099237296580099 0.9194738530638434 0.05643460755489501 0.944177093358999 0.013609886879708852 0.9894128970163619 0.034824529142604026 0.9894128970163619 0.054878882321758436 0.987487969201155 0.17361039456138727 0.8556304138594802 0.555464382337469 0.44465832531280075 0.7490078462380209 0.23195380173243504 0.9273714306169607 0.03593198588386269 0.9216866438595465 0.029836381135707413 0.900880581017972 0.03304459416105229 0.8828913068145703 0.04138594802694899 0.6136965505413045 0.3381456528713507 0.5903502836952077 0.3606031440487648
1 0.9104104507096301 0.06737247353224254 0.8926692817415741 0.0763554700032082 0.8626088374147645 0.10619185113891562 0.827198794401643 0.14693615656079564 0.8429107577486346 0.15206929740134745 0.8677598957059577 0.1453320500481232 0.9233927082542056 0.08373435996150144 0.9330260933352285 0.07314725697786333 0.9305086194134699 0.06448508180943215
1 0.18528861627887225 0.06608918832210459 0.20248236529516836 0.05999358357394931 0.21402720090873845 0.068334937439846 0.20208747735938642 0.08694257298684632 0.18308360034545262 0.10234199550850176 0.17076432498669902 0.12319538017324351 0.13792351359001856 0.15014436958614052 0.1218240562636283 0.16875200513314084 0.033386853887002195 0.25954443375040104 0.01933823583721216 0.27269810715431503 0.005902486919402997 0.2906641000962464 0.03470871358394562 0.2274623034969522 0.054179773456651835 0.2078922040423484 0.0813210101831515 0.1812640359319859 0.10213501519472307 0.15656079563683029 0.12833504046090863 0.12319538017324351 0.15788448640426056 0.0984921398780879 0.1636574524246594 0.08437600256657042
