1 0.019983511547145862 0.038959085439229844
1 0.09109623634992922 0.0371540312876053 0.01776860168430545 0.12199157641395908 0.1042016897350849 0.07701564380264742 0.1282997436646076 0.05550541516245487 0.16710695503218653 0.04001203369434416 0.16357706074809508 0.0299338146811071 0.14242045886758667 0.02812876052948255 0.09109623634992922 0.0371540312876053
1 0.2518703241895262 0.0 0.19603736743924083 0.018802647412755717 0.16603819835245728 0.04001203369434416 0.1259262464090342 0.059416365824308065 0.10557206571287141 0.07746690734055355 0.07069235492865228 0.09190734055354995 0.04344911359707611 0.10604693140794223 0.05497210899898391 0.14034296028880866 0.08037945626915878 0.1266546329723225 0.10770578518471573 0.1147713598074609 0.11653545297376054 0.1055956678700361 0.14095713114818698 0.09416365824308062 0.1982826291505274 0.06107099879663057 0.2757088717708774 0.015944645006016847 0.2924830780192376 0.0 0.2718204488778055 0.0
1 0.118189996067566 0.10860409145607701 0.08201427079852183 0.1259025270758123 0.019146186247900987 0.16456077015643802 0.021719245530302415 0.20412154031287605 0.16963903968049296 0.11522262334536702 0.2734123918292664 0.05354993983152828 0.3016477519652063 0.03023465703971119 0.2885756854389172 0.029332129963898917 0.24758050110957178 0.032490974729241874 0.20993386009672205 0.04918772563176895 0.20313243981009746 0.059265944645006015 0.1477236470707348 0.08829723225030084
1 0.353514130441844 0.029482551143200964 0.30930394998229166 0.03369434416365824 0.27371401112732374 0.05400120336943442 0.24058938320292908 0.07160048134777376 0.18565711102060445 0.10454271961492179 0.14969346775702172 0.1269554753309266 0.03455077539566856 0.19720216606498195 0.034173277099439535 0.23661251504211794 0.38219793591795714 0.031889290012033694 0.353514130441844 0.029482551143200964
1 0.09377021508612415 0.24262936221419976 0.21114223448193575 0.17358604091456076 0.3230414760576204 0.10168471720818291 0.3802861628583841 0.07220216606498195 0.4597144747080967 0.031137184115523464 0.43758092982285907 0.030535499398315284 0.4080666279455356 0.030084235860409144 0.3819881302948997 0.032641395908543924 0.1362746339723692 0.1740373044524669 0.07827381226335671 0.20878459687123946 0.03395246900295897 0.2325511432009627 0.004510631674789977 0.25406137184115524
1 0.46725913048573986 0.029632972322503007 0.43872632437795384 0.039711191335740074 0.40286322088039006 0.06227436823104693 0.35851342296453076 0.08333333333333333 0.34948267564344787 0.09220818291215403 0.3327171954861068 0.10709987966305656 0.28284226320400546 0.13161853188929 0.23120579835346444 0.15989771359807461 0.20547065351217467 0.1762936221419976 0.12445571035300304 0.22457882069795426 0.07416116682478689 0.2506016847172082 0.12029715807693331 0.2657942238267148 0.32227509755314215 0.15117328519855597 0.38571796604441616 0.11070998796630566 0.4465513533840015 0.07806859205776173 0.4863506835559442 0.05339951865222623 0.517171622952919 0.031287605294825514 0.4974028492322354 0.02782791817087846
1 0.5583132538857833 0.02888086642599278 0.5224520473320268 0.03279181708784597 0.4717029881936192 0.06453068592057762 0.4153347046315657 0.09265944645006016 0.34775452993387473 0.13492779783393502 0.22176909808069076 0.20547533092659445 0.04991135489892074 0.351835138387485 0.11698010467549705 0.3098676293622142 0.18368387613447784 0.26895306859205775 0.22686437760458875 0.2477436823104693 0.25791257480665924 0.22277376654632972 0.41749687875887154 0.13267148014440433 0.5069503331164349 0.07942238267148015 0.5546418452015778 0.054302045728038505 0.5859283026821671 0.031287605294825514 0.5762897640001615 0.027527075812274367
1 0.6201349661421184 0.024368231046931407 0.5826412214414027 0.03489771359807461 0.5543402259035205 0.05385078219013237 0.5117170561920241 0.07536101083032491 0.4757993197659414 0.0983754512635379 0.43219048095869644 0.12214199759326114 0.3989019542487444 0.1410950661853189 0.35053739483933355 0.17373646209386281 0.26296346499826734 0.22126955475330926 0.2514564042731877 0.22803850782190133 0.2195208013589839 0.24954873646209386 0.14058646224834753 0.2924187725631769 0.10662261183172346 0.3130264741275572 0.0714261059498128 0.33498796630565586 0.06590324796597467 0.3443140794223827 0.04848255210500093 0.3891395908543923 0.15309740312840786 0.3303249097472924 0.1845215811214971 0.309115523465704 0.20812148898573246 0.29858604091456076 0.3063958850413214 0.23721419975932612 0.33414182520299307 0.22382671480144403 0.3611270776916078 0.20397111913357402 0.4164812375024513 0.17539109506618533 0.43406848796998343 0.15959687123947053 0.5067826404432633 0.1180806257521059 0.5504176575235658 0.09115523465703972 0.5729772633635334 0.08333333333333333 0.620994296637387 0.04963898916967509 0.6537254915887245 0.030385078219013237 0.6459315730591393 0.025120336943441637
1 0.6857051043966212 0.02812876052948255 0.6483096230795208 0.03294223826714802 0.605522554582467 0.055806257521058965 0.5708484760950941 0.08228038507821901 0.4889745818792505 0.12981347773766547 0.32834124981175133 0.223676293622142 0.16972743915565308 0.3194945848375451 0.023459911716863957 0.4055354993983153 0.013753840689108829 0.41606498194945846 0.07998830017686065 0.41335740072202165 0.16088525138797488 0.36702767749699156 0.24099533665297473 0.3173886883273165 0.4028154173482606 0.22157039711191337 0.5611735155438015 0.1259025270758123 0.7230854099140873 0.031287605294825514 0.7027505783437701 0.028580024067388687
1 0.7607104254186876 0.029482551143200964 0.7362841944794531 0.02918170878459687 0.7119607796886418 0.03489771359807461 0.6499975530321926 0.07490974729241877 0.622918210486174 0.08769554753309267 0.6154763708569541 0.09521660649819494 0.5007422872682924 0.15914560770156438 0.46788437427787827 0.18140794223826714 0.4374830461270183 0.20201564380264742 0.41230295666193917 0.2128459687123947 0.33077658858165293 0.26143200962695545 0.3042481280856335 0.2814380264741276 0.2729855724956977 0.2954271961492178 0.26359857294803835 0.3043020457280385 0.2421361784432614 0.3148315282791817 0.1981361830453634 0.3428098676293622 0.15805268575740192 0.3649217809867629 0.1521823016380067 0.3731949458483754 0.09598019324391459 0.40583634175691935 0.04588672924773668 0.4321600481347774 0.03006973743966339 0.44314079422382674 0.17803392092214376 0.398014440433213 0.32641923315594895 0.3082129963898917 0.43407417905058227 0.24488567990373045 0.4550426008162828 0.2325511432009627 0.48447571205343265 0.21209386281588447 0.6589175169910273 0.11010830324909747 0.7191628415341326 0.06859205776173286 0.7426163027948489 0.057310469314079425 0.783018871562906 0.0335439229843562 0.7607104254186876 0.029482551143200964
1 0.8244795739758661 0.029482551143200964 0.7786520311689892 0.03234055354993983 0.7633661928464728 0.046780986762936225 0.7288340081978109 0.06227436823104693 0.6507806250906929 0.11552346570397112 0.5639191997027796 0.16305655836341756 0.4739543204241015 0.21660649819494585 0.4500660721176362 0.23736462093862815 0.3938616873411401 0.2641395908543923 0.3443452836680192 0.2945246690734055 0.29038995449042393 0.32626353790613716 0.2302451697133377 0.36793020457280384 0.10276264384329062 0.44103489771359805 0.03997537049424651 0.4760830324909747 0.013099383862670021 0.4950361010830325 0.10273267168261888 0.4814981949458484 0.1912550898729528 0.43005415162454874 0.22858910911432212 0.40809265944645007 0.23649646682715675 0.3996690734055355 0.2710373775668379 0.3831227436823105 0.30661214062217146 0.37078820697954273 0.31816055541994287 0.3528880866425993 0.3504000540146081 0.33769554753309267 0.3961528558899266 0.30700962695547535 0.4837245093485888 0.2536101083032491 0.5813694885350057 0.19449458483754511 0.6033235793964548 0.17990373044524668 0.7124384385614705 0.11236462093862816 0.7636006592373776 0.08604091456077016 0.8179755996610877 0.05279783393501805 0.8537009826461514 0.028429602888086644 0.8244795739758661 0.029482551143200964
1 0.06439173727584847 0.5451263537906137 0.15094054089228132 0.49232851985559567 0.1722105819560392 0.4804452466907341 0.19731630992815682 0.46630565583634176 0.2679650341525357 0.4222322503008424 0.2872701867334117 0.40794223826714804 0.3173634458775991 0.3938026474127557 0.350304446451994 0.37379663056558365 0.41368395592372953 0.3348375451263538 0.47726454492750314 0.29617930204572807 0.523318966100879 0.26594464500601683 0.6535225153620566 0.18998194945848376 0.8044190453639353 0.09807460890493382 0.9022738301734095 0.038206979542719614 0.9117875477601456 0.026323706377858004 0.898350502916261 0.026474127557160047 0.8592371194858166 0.029783393501805054 0.7005838517008336 0.1180806257521059 0.6854072792353557 0.13161853188929 0.6683094487420917 0.1374849578820698 0.6583192105983177 0.1454572803850782 0.6417897143370915 0.15643802647412755 0.6248034260832699 0.16726835138387486 0.6020165624382066 0.1779482551143201 0.5906472222256268 0.1865222623345367 0.5780911333852605 0.1970517448856799 0.554775392637044 0.2101383874849579 0.48960589594140724 0.25015042117930203 0.4636609454770601 0.26729843561973526 0.42699124746893974 0.28279181708784595 0.4208192440514871 0.29061371841155237 0.3922253553065669 0.30806257521058966 0.3559141859074269 0.32942238267148016 0.3555602100632545 0.3352888086642599 0.32864476630279316 0.3467208182912154 0.3073485469659778 0.36176293622142 0.3023830207407544 0.3713898916967509 0.25525529012284126 0.3898916967509025 0.23129913003202957 0.40042117930204574 0.22594017083374895 0.4083935018050541 0.1858392213637491 0.4326113116726835 0.14046012389704526 0.4611913357400722 0.10706005494765107 0.47518050541516244 0.08725220353667962 0.4887184115523466 0.06393646278846324 0.5018050541516246 0.041735385557475864 0.5154933814681107
1 0.0904558170073339 0.034596871239470514 0.06683390419625213 0.035499398315282794 0.03123713619407213 0.038206979542719614 0.01891703124982064 0.04482551143200963 0.007360269799626899 0.08829723225030084 0.0730783721628591 0.04963898916967509 0.0967875458841327 0.038206979542719614
